SYMBOL,SERIES,OPEN,HIGH,LOW,CLOSE,LAST,PREVCLOSE,TOTTRDQTY,TOTTRDVAL,TIMESTAMP,UNNAMED: 11
20MICRONS,EQ,16.0,16.15,15.55,15.9,15.65,15.6,4089,64875.7,5-FEB-2009,
3IINFOTECH,EQ,35.9,36.0,33.2,34.25,34.1,35.45,613104,21300796.75,5-FEB-2009,
3MINDIA,EQ,945.0,982.95,945.0,955.2,955.2,970.0,23,22525.7,5-FEB-2009,
AARTIDRUGS,EQ,35.5,36.8,34.7,36.45,36.45,36.2,2816,100809.3,5-FEB-2009,
AARTIIND,EQ,27.8,29.35,27.8,28.45,28.25,27.8,7470,214519.05,5-FEB-2009,
AARVEEDEN,EQ,13.85,14.55,13.85,14.15,14.15,13.85,253,3570.75,5-FEB-2009,
ABAN,EQ,432.15,444.7,412.6,417.0,417.0,430.45,1343908,572726074.5,5-FEB-2009,
ABB,EQ,464.0,468.0,430.0,437.65,438.0,467.0,481600,212667965.0,5-FEB-2009,
ABGSHIP,EQ,63.0,67.8,62.05,64.6,64.35,62.5,801057,52398067.35,5-FEB-2009,
ABHISHEK,EQ,12.15,14.55,12.15,13.5,13.5,13.35,760,10162.5,5-FEB-2009,
ABIRLANUVO,EQ,425.0,447.8,416.15,419.85,420.0,425.95,39098,16442327.25,5-FEB-2009,
ABSHEKINDS,BE,7.3,7.6,7.2,7.35,7.45,7.5,12293,90426.6,5-FEB-2009,
ACC,EQ,532.0,543.8,510.25,532.4,534.0,531.05,1108149,584829311.8,5-FEB-2009,
ACE,EQ,12.9,13.0,11.6,12.6,12.6,12.85,36033,452871.2,5-FEB-2009,
ADANIENT,EQ,268.0,272.35,263.1,265.35,264.95,269.2,93068,24748034.5,5-FEB-2009,
ADHUNIK,EQ,28.45,28.9,27.75,28.25,28.25,28.1,60113,1707044.55,5-FEB-2009,
ADLABSFILM,EQ,161.3,167.7,154.0,160.2,160.05,159.75,1037213,168866919.05,5-FEB-2009,
ADORWELD,EQ,85.05,86.65,84.1,86.45,86.5,86.9,647,55459.35,5-FEB-2009,
ADSL,EQ,269.1,273.9,255.0,261.55,258.55,275.0,2216,580798.5,5-FEB-2009,
ADVANIHOTR,EQ,25.55,25.8,25.5,25.8,25.8,26.1,305,7799.75,5-FEB-2009,
AEGISCHEM,EQ,58.0,64.0,58.0,62.7,64.0,61.1,7146,437792.55,5-FEB-2009,
AFL,EQ,62.0,62.0,61.0,61.75,62.0,61.55,328,20252.0,5-FEB-2009,
AFTEK,EQ,8.0,8.1,7.5,7.95,8.05,7.75,334676,2631153.75,5-FEB-2009,
AGRODUTCH,EQ,9.7,9.85,9.5,9.6,9.7,9.7,8406,81024.45,5-FEB-2009,
AHMEDFORGE,EQ,24.55,25.85,24.5,25.45,25.7,25.1,80609,1985656.4,5-FEB-2009,
AIAENG,EQ,113.0,115.0,109.0,110.1,109.0,113.4,341028,38533455.65,5-FEB-2009,
AJANTPHARM,EQ,52.5,53.9,51.5,53.7,53.7,53.35,630,33513.25,5-FEB-2009,
AKRUTI,EQ,830.0,897.6,800.0,887.4,893.8,829.7,693383,598017881.55,5-FEB-2009,
AKSHOPTFBR,EQ,9.0,9.0,8.55,8.85,8.9,8.7,23504,206912.95,5-FEB-2009,
ALBK,EQ,47.5,47.9,46.4,46.75,46.9,47.05,619758,29123952.25,5-FEB-2009,
ALCHEM,EQ,55.3,56.0,52.25,52.3,52.25,54.05,27386,1487295.05,5-FEB-2009,
ALEMBICLTD,EQ,31.0,31.65,30.75,31.5,31.5,31.0,21406,665521.6,5-FEB-2009,
ALFALAVAL,EQ,865.1,880.0,865.0,865.45,865.05,884.95,212,184409.9,5-FEB-2009,
ALKALI,EQ,162.0,163.5,155.05,156.6,155.15,161.1,116917,18513083.7,5-FEB-2009,
ALKYLAMINE,EQ,49.2,50.9,45.0,48.95,50.9,51.95,250,12260.0,5-FEB-2009,
ALLCARGO,EQ,666.0,680.0,666.0,679.7,680.0,671.15,1038,701403.85,5-FEB-2009,
ALLSEC,EQ,21.5,22.4,21.5,21.85,22.0,21.75,2829,61706.15,5-FEB-2009,
ALMONDZ,EQ,16.9,16.9,16.6,16.75,16.9,17.4,11,184.4,5-FEB-2009,
ALOKTEXT,EQ,17.1,17.5,16.25,16.4,16.3,17.1,487836,8194710.85,5-FEB-2009,
ALPA,EQ,8.15,8.7,8.05,8.35,8.45,8.25,5625,46673.4,5-FEB-2009,
ALPHAGEO,EQ,93.0,95.9,93.0,94.7,94.7,94.85,610,57218.0,5-FEB-2009,
ALPSINDUS,EQ,8.0,8.5,7.75,7.9,7.75,8.2,67937,541752.6,5-FEB-2009,
AMAR,EQ,14.2,15.1,14.2,14.5,14.65,14.95,29424,434011.0,5-FEB-2009,
AMARAJABAT,EQ,39.85,39.85,38.5,39.0,38.85,39.2,10012,389786.6,5-FEB-2009,
AMBICAAGAR,EQ,7.25,7.25,7.0,7.25,7.25,7.4,2420,17177.5,5-FEB-2009,
AMBIKCO,EQ,48.5,54.0,48.5,54.0,54.0,50.5,282,14040.45,5-FEB-2009,
AMBUJACEM,EQ,71.0,71.0,68.55,70.3,70.45,70.1,689789,48314987.1,5-FEB-2009,
AMDIND,EQ,12.1,12.45,12.1,12.3,12.45,12.0,2321,28247.15,5-FEB-2009,
AMTEKAUTO,EQ,56.0,56.0,54.0,55.15,55.35,56.0,628586,34270411.35,5-FEB-2009,
AMTEKINDIA,EQ,24.0,24.0,23.35,23.5,23.35,24.15,1866,43836.3,5-FEB-2009,
ANANTRAJ,EQ,44.0,45.5,43.7,43.7,43.7,46.0,24242,1069414.7,5-FEB-2009,
ANDHRABANK,EQ,53.0,54.45,52.75,52.95,53.0,53.05,182879,9773233.3,5-FEB-2009,
ANDHRSUGAR,EQ,71.95,72.05,69.15,69.45,69.5,70.2,15758,1111582.6,5-FEB-2009,
ANGAUTO,EQ,31.5,31.5,30.0,30.5,30.55,30.3,334,10381.4,5-FEB-2009,
ANIKINDS,EQ,18.9,21.35,18.6,18.6,18.6,19.15,2120,41623.25,5-FEB-2009,
ANKURDRUGS,EQ,95.0,104.5,93.7,100.65,99.0,95.0,125477,12306074.45,5-FEB-2009,
ANSALHSG,EQ,17.5,18.5,17.0,17.35,17.4,17.55,120722,2097375.85,5-FEB-2009,
ANSALINFRA,EQ,23.5,24.25,23.2,23.5,23.6,23.9,165855,3926285.15,5-FEB-2009,
ANTGRAPHIC,EQ,0.35,0.35,0.3,0.35,0.35,0.35,95570,31506.45,5-FEB-2009,
APARINDS,EQ,77.45,78.0,75.0,75.1,75.0,76.5,1390,106120.8,5-FEB-2009,
APIL,EQ,230.0,231.55,221.0,229.45,231.5,229.7,58092,13171425.95,5-FEB-2009,
APOLLOHOSP,EQ,402.65,405.0,397.5,400.4,400.0,399.65,10109,4050831.05,5-FEB-2009,
APOLLOSIND,EQ,51.0,51.75,51.0,51.55,51.65,51.05,52561,2696035.6,5-FEB-2009,
APOLLOTYRE,EQ,17.0,17.3,17.0,17.05,17.05,17.2,155379,2656331.85,5-FEB-2009,
APPAPER,EQ,33.3,43.0,33.3,41.45,41.5,41.3,395,16147.95,5-FEB-2009,
APTECHT,EQ,81.45,85.2,79.2,82.05,82.3,81.0,628977,52047419.25,5-FEB-2009,
ARCHIDPLY,EQ,18.5,18.95,18.2,18.45,18.5,18.55,1586,29246.7,5-FEB-2009,
ARCHIES,EQ,43.25,43.85,42.1,43.45,43.0,42.8,1279,55376.1,5-FEB-2009,
AREVAT&D,EQ,189.0,217.0,183.0,185.35,184.0,181.9,182325,34780819.4,5-FEB-2009,
ARIES,EQ,28.0,28.95,27.55,27.8,27.95,29.0,2927,81885.55,5-FEB-2009,
ARIHANT,EQ,30.1,30.9,27.0,29.9,29.9,30.0,1705,47635.75,5-FEB-2009,
ARL,EQ,1.25,1.25,1.2,1.2,1.2,1.2,217401,266411.4,5-FEB-2009,
AROGRANITE,EQ,28.5,31.7,28.1,28.15,28.15,28.8,306,8690.8,5-FEB-2009,
ARVIND,EQ,15.55,15.95,14.9,15.0,14.9,15.15,990493,15218206.15,5-FEB-2009,
ASAHIINDIA,BE,40.0,40.8,40.0,40.0,40.8,40.8,1696,67848.0,5-FEB-2009,
ASHAPURMIN,EQ,20.45,20.5,18.55,18.7,18.55,19.5,271170,5257693.35,5-FEB-2009,
ASHCO,EQ,4.7,4.75,4.7,4.75,4.75,4.75,1400,6600.0,5-FEB-2009,
ASHIMASYN,EQ,2.65,2.95,2.65,2.65,2.65,2.8,230,618.5,5-FEB-2009,
ASHOKLEY,EQ,14.05,14.6,13.55,14.4,14.35,14.0,3038010,43401238.45,5-FEB-2009,
ASIANELEC,EQ,22.25,22.9,21.75,22.2,22.05,22.45,44217,984874.55,5-FEB-2009,
ASIANHOTEL,EQ,240.0,240.0,235.0,238.05,238.05,242.7,262,62725.3,5-FEB-2009,
ASIANPAINT,EQ,782.0,788.0,761.15,782.25,787.4,771.0,7000,5451436.8,5-FEB-2009,
ASIANTILES,EQ,15.25,15.9,14.4,14.65,14.5,15.0,19636,289729.85,5-FEB-2009,
ASIL,BE,1.7,1.7,1.7,1.7,1.7,1.7,776,1319.2,5-FEB-2009,
ASSAMCO,EQ,7.7,8.0,7.45,7.75,7.75,7.75,113635,872774.15,5-FEB-2009,
ASTRAL,EQ,41.25,44.95,41.0,44.95,44.95,42.75,3866,158611.75,5-FEB-2009,
ASTRAMICRO,EQ,37.35,37.75,35.75,36.05,36.4,37.55,33505,1231120.8,5-FEB-2009,
ASTRAZEN,EQ,461.1,461.1,461.1,461.1,461.1,464.0,30,13833.0,5-FEB-2009,
ATFL,EQ,96.0,99.5,92.3,95.95,97.9,94.45,3754,361037.95,5-FEB-2009,
ATLANTA,EQ,54.5,57.7,54.5,55.55,55.95,56.65,5425,301902.3,5-FEB-2009,
ATLASCYCLE,EQ,79.5,82.0,79.5,79.75,79.5,78.05,1749,140441.1,5-FEB-2009,
ATNINTER,EQ,0.85,0.9,0.85,0.9,0.9,0.95,1605,1374.9,5-FEB-2009,
ATUL,EQ,42.6,45.9,42.0,44.1,44.45,43.0,26299,1169934.1,5-FEB-2009,
AUROPHARMA,EQ,141.3,143.0,127.2,130.3,130.35,142.45,322573,43168997.95,5-FEB-2009,
AUSTRAL,EQ,166.0,168.5,165.05,165.1,165.05,166.7,19618,3245206.65,5-FEB-2009,
AUTOAXLES,EQ,82.55,85.85,81.0,81.1,81.15,82.55,843,69648.5,5-FEB-2009,
AUTOIND,EQ,57.9,59.0,56.35,57.0,57.0,57.05,3486,199339.95,5-FEB-2009,
AUTOLITIND,EQ,14.9,14.9,14.9,14.9,14.9,16.5,31,461.9,5-FEB-2009,
AVAYAGCL,EQ,82.0,84.5,78.0,80.0,79.15,79.35,21540,1725795.6,5-FEB-2009,
AVENTIS,EQ,835.2,870.0,835.2,860.15,850.0,877.4,773,659481.8,5-FEB-2009,
AXIS-IT&T,EQ,11.0,11.5,10.75,10.75,10.75,11.5,599,6653.0,5-FEB-2009,
AXISBANK,EQ,396.5,399.0,384.0,392.3,393.85,395.15,2019907,787901172.75,5-FEB-2009,
AZTECSOFT,EQ,30.15,31.25,28.65,29.05,28.85,30.15,21900,641591.05,5-FEB-2009,
BAGFILMS,EQ,13.6,14.2,12.9,13.15,13.2,13.15,170161,2317316.05,5-FEB-2009,
BAJAJ-AUTO,EQ,453.0,460.0,441.15,456.45,456.65,457.2,17226,7811789.05,5-FEB-2009,
BAJAJELEC,EQ,192.0,201.0,191.0,197.05,197.05,199.95,246,48614.25,5-FEB-2009,
BAJAJFINSV,EQ,155.95,155.95,151.0,151.9,151.75,153.4,4619,703733.3,5-FEB-2009,
BAJAJHIND,EQ,55.35,55.35,52.65,53.35,53.25,54.6,1083585,58282012.9,5-FEB-2009,
BAJAJHLDNG,EQ,228.0,231.0,225.1,226.2,226.25,226.25,12605,2879567.45,5-FEB-2009,
BAJAUTOFIN,EQ,57.35,58.9,56.3,57.9,57.75,57.5,13101,756067.95,5-FEB-2009,
BALAJITELE,EQ,37.0,38.35,33.2,36.45,36.55,36.8,274221,10156869.3,5-FEB-2009,
BALAMINES,EQ,65.0,68.0,61.0,64.5,64.5,65.0,402,26681.5,5-FEB-2009,
BALKRISIND,EQ,147.0,147.0,143.0,143.0,143.0,144.85,8,1150.0,5-FEB-2009,
BALLARPUR,EQ,15.4,15.4,14.75,15.05,14.95,14.95,598199,9016114.1,5-FEB-2009,
BALMLAWRIE,EQ,227.1,236.95,227.1,233.35,236.0,236.2,807,187341.45,5-FEB-2009,
BALPHARMA,EQ,15.05,15.5,15.05,15.35,15.05,15.2,2776,42651.75,5-FEB-2009,
BALRAMCHIN,EQ,58.25,59.0,57.35,57.9,58.1,58.75,1497650,86854986.7,5-FEB-2009,
BANARISUG,EQ,780.0,780.0,771.1,771.1,771.1,783.6,63,49033.2,5-FEB-2009,
BANCOINDIA,EQ,18.5,19.25,18.35,18.8,18.95,18.9,3052,57255.9,5-FEB-2009,
BANG,EQ,136.0,143.6,136.0,143.2,142.5,137.8,79630,11291056.6,5-FEB-2009,
BANKBARODA,EQ,246.05,251.0,241.55,245.7,251.0,246.05,345195,84117911.85,5-FEB-2009,
BANKBEES,EQ,428.0,428.0,423.0,423.14,423.0,426.0,598,255643.0,5-FEB-2009,
BANKINDIA,EQ,242.25,243.9,235.55,238.8,239.6,241.3,908029,217140184.4,5-FEB-2009,
BANKRAJAS,EQ,37.7,37.7,36.0,36.2,36.5,36.75,18749,678381.5,5-FEB-2009,
BANSWRAS,EQ,15.55,15.55,15.1,15.15,15.15,15.45,1820,27558.5,5-FEB-2009,
BARTRONICS,EQ,66.1,69.75,66.1,68.3,68.9,67.85,84833,5771088.3,5-FEB-2009,
BASF,EQ,182.0,188.85,182.0,182.15,182.15,184.8,1043,190592.65,5-FEB-2009,
BASML,EQ,30.15,30.15,30.15,30.15,30.15,31.0,50,1507.5,5-FEB-2009,
BATAINDIA,EQ,84.9,84.9,82.5,82.7,82.5,84.2,27727,2311650.9,5-FEB-2009,
BATLIBOI,EQ,14.1,15.9,14.0,14.25,14.05,15.15,4163,59804.45,5-FEB-2009,
BBL,EQ,428.5,433.0,419.1,423.8,430.0,427.3,2162,918351.8,5-FEB-2009,
BBTC,EQ,119.05,124.95,119.05,120.15,120.15,121.0,65,7852.75,5-FEB-2009,
BCCL,EQ,33.7,34.25,33.5,33.85,34.25,34.15,1051,35570.35,5-FEB-2009,
BEL,EQ,877.95,877.95,837.2,849.7,850.0,870.7,24819,21220995.55,5-FEB-2009,
BELCERAMIC,EQ,3.95,3.95,3.45,3.65,3.65,3.8,863,3109.45,5-FEB-2009,
BEML,EQ,338.0,340.7,335.1,338.1,338.8,336.8,14367,4860437.65,5-FEB-2009,
BEPL,EQ,5.4,5.9,5.0,5.9,5.9,5.35,64892,365619.8,5-FEB-2009,
BERGEPAINT,EQ,32.75,33.25,32.75,33.0,33.05,33.2,7263,240193.45,5-FEB-2009,
BFUTILITIE,EQ,434.0,454.95,412.0,453.65,454.5,433.25,10683,4785852.75,5-FEB-2009,
BGRENERGY,EQ,145.75,145.75,139.5,139.95,140.3,144.7,39441,5604331.3,5-FEB-2009,
BHAGWATIHO,EQ,22.0,23.8,22.0,23.2,23.0,23.2,13181,300056.5,5-FEB-2009,
BHAGYNAGAR,EQ,12.75,13.5,12.75,13.0,13.15,13.55,11240,146858.9,5-FEB-2009,
BHARATFORG,EQ,80.5,80.5,78.95,79.15,79.3,79.2,102555,8122429.45,5-FEB-2009,
BHARATGEAR,EQ,16.0,16.3,15.95,16.25,16.3,16.35,1976,31749.9,5-FEB-2009,
BHARTIARTL,EQ,646.0,646.0,618.0,628.65,630.75,634.3,2268100,1419297277.6,5-FEB-2009,
BHARTISHIP,EQ,61.0,65.5,60.2,61.7,61.6,60.15,192632,12110249.7,5-FEB-2009,
BHEL,EQ,1357.0,1364.7,1336.1,1346.85,1345.0,1357.25,775026,1044026505.2,5-FEB-2009,
BHUSANSTL,EQ,281.0,288.0,275.65,283.85,285.0,285.55,128928,36750562.65,5-FEB-2009,
BIL,EQ,20.15,20.15,20.15,20.15,20.15,21.3,56,1128.4,5-FEB-2009,
BILPOWER,EQ,118.85,120.0,114.3,116.35,116.95,115.25,1215,143357.55,5-FEB-2009,
BINANICEM,EQ,29.5,30.0,28.6,28.8,28.9,29.85,9050,263481.95,5-FEB-2009,
BINANIIND,EQ,28.05,30.8,28.05,28.9,28.5,28.85,1551,45487.35,5-FEB-2009,
BINDALAGRO,EQ,13.0,14.1,12.2,12.5,12.45,13.55,3453007,45484675.4,5-FEB-2009,
BIOCON,EQ,100.0,103.0,99.55,102.15,102.2,101.15,50959,5171952.4,5-FEB-2009,
BIRLACORPN,EQ,138.8,138.85,137.0,138.1,138.75,138.05,3496,481291.8,5-FEB-2009,
BIRLACOT,EQ,3.7,3.8,3.6,3.65,3.7,3.75,77276,283763.15,5-FEB-2009,
BIRLAERIC,EQ,7.1,7.3,7.1,7.3,7.3,7.15,1850,13437.6,5-FEB-2009,
BIRLAPOWER,EQ,10.2,10.2,9.7,9.85,9.8,9.9,53449,528315.65,5-FEB-2009,
BLBLIMITED,EQ,8.0,8.25,7.6,7.6,7.6,8.0,1966,15231.45,5-FEB-2009,
BLKASHYAP,EQ,160.0,165.0,155.2,158.95,160.0,159.8,4042,645982.35,5-FEB-2009,
BLUEBIRD,EQ,16.8,17.45,16.5,17.1,17.45,17.0,6109,103238.65,5-FEB-2009,
BLUECHIP,EQ,0.75,0.8,0.75,0.75,0.75,0.8,21819,16412.15,5-FEB-2009,
BLUEDART,EQ,429.0,468.0,429.0,437.35,431.2,428.5,102,44579.9,5-FEB-2009,
BLUESTARCO,EQ,135.5,147.0,133.0,134.8,135.0,138.7,6027,820517.05,5-FEB-2009,
BLUESTINFO,EQ,47.65,50.85,47.6,50.25,50.25,50.2,358,17715.85,5-FEB-2009,
BOC,EQ,116.0,119.0,116.0,117.6,119.0,118.45,661,77482.65,5-FEB-2009,
BOMDYEING,EQ,144.0,144.7,139.55,141.5,141.65,142.95,143777,20373249.7,5-FEB-2009,
BONGAIREFN,EQ,43.7,43.7,42.2,42.55,42.6,42.85,243728,10407788.85,5-FEB-2009,
BOSCHLTD,EQ,3025.0,3064.8,3020.0,3026.45,3025.0,3040.0,564,1709170.2,5-FEB-2009,
BPCL,EQ,394.8,394.85,388.15,390.25,392.0,389.15,507064,197806249.2,5-FEB-2009,
BPL,BE,15.3,15.7,14.75,15.25,15.2,15.3,6203,94267.0,5-FEB-2009,
BRABOURNE,EQ,5.95,6.15,5.95,6.15,6.15,6.05,1082,6496.5,5-FEB-2009,
BRFL,EQ,82.1,104.0,82.1,103.0,102.75,101.35,100217,10199910.75,5-FEB-2009,
BRIGADE,EQ,35.85,36.0,34.3,34.6,34.75,35.5,21582,759025.15,5-FEB-2009,
BRITANNIA,EQ,1365.5,1378.75,1352.05,1360.1,1360.0,1375.65,9326,12683639.95,5-FEB-2009,
BROADCAST,EQ,11.0,11.5,10.25,10.9,10.65,11.1,26181,284071.75,5-FEB-2009,
BSELINFRA,BE,10.3,10.35,10.0,10.2,10.05,10.1,30495,308554.55,5-FEB-2009,
BSL,EQ,11.7,11.7,11.15,11.5,11.5,10.65,592,6785.35,5-FEB-2009,
BURNPUR,EQ,8.05,8.4,8.05,8.1,8.25,8.15,40888,334209.9,5-FEB-2009,
BVCL,EQ,13.55,13.55,12.4,12.65,12.5,12.6,4014,50519.7,5-FEB-2009,
CADILAHC,EQ,260.0,261.3,256.6,260.0,260.0,260.05,2378,616026.25,5-FEB-2009,
CAIRN,EQ,163.0,164.5,160.0,161.5,161.35,161.2,1992354,323465729.35,5-FEB-2009,
CALSOFT,EQ,22.0,22.0,22.0,22.0,22.0,21.7,60,1320.0,5-FEB-2009,
CAMBRIDGE,EQ,73.1,74.5,73.0,73.75,73.95,73.85,47077,3474252.3,5-FEB-2009,
CAMLIN,EQ,9.5,9.9,9.2,9.3,9.4,8.5,31333,298605.1,5-FEB-2009,
CANBK,EQ,176.0,182.0,176.0,181.1,182.0,180.25,573843,102770588.95,5-FEB-2009,
CANDC,EQ,94.1,101.0,94.1,100.85,100.75,101.0,1457,145681.7,5-FEB-2009,
CANFINHOME,EQ,48.05,48.05,48.05,48.05,48.05,49.3,40,1922.0,5-FEB-2009,
CARBORUNIV,EQ,84.0,87.5,84.0,86.1,86.1,87.2,1744,150351.0,5-FEB-2009,
CAROLINFO,EQ,32.0,34.0,32.0,32.35,32.35,32.0,446,14510.0,5-FEB-2009,
CASTROL,EQ,315.5,320.0,314.0,317.15,317.0,320.5,8044,2554993.55,5-FEB-2009,
CCCL,EQ,126.35,145.0,126.35,132.45,131.05,136.6,757,104478.15,5-FEB-2009,
CCL,EQ,80.6,85.95,77.0,78.25,77.2,82.2,4798,383182.7,5-FEB-2009,
CEATLTD,EQ,34.1,36.95,34.1,34.75,34.65,35.5,8049,281690.2,5-FEB-2009,
CELEBRITY,EQ,10.15,10.55,10.15,10.45,10.5,10.4,520,5415.6,5-FEB-2009,
CELESTIAL,EQ,11.45,11.9,11.0,11.2,11.0,11.7,23846,269825.85,5-FEB-2009,
CENTENKA,EQ,52.05,52.5,52.0,52.5,52.5,52.15,457,23815.0,5-FEB-2009,
CENTEXT,EQ,2.6,2.75,2.5,2.5,2.5,2.6,4680,12174.1,5-FEB-2009,
CENTRALBK,EQ,37.5,37.9,36.8,36.95,37.0,37.2,126654,4702141.6,5-FEB-2009,
CENTURYPLY,EQ,30.1,31.95,29.55,29.8,30.0,30.45,5421,163401.15,5-FEB-2009,
CENTURYTEX,EQ,169.9,172.0,158.6,159.8,160.0,161.15,131891,21154217.45,5-FEB-2009,
CESC,EQ,229.0,229.3,227.0,227.45,227.5,227.95,10192,2321119.85,5-FEB-2009,
CHAMBLFERT,EQ,39.25,39.25,37.65,38.1,38.4,38.75,2733068,104674792.25,5-FEB-2009,
CHEMFALKAL,EQ,33.0,33.0,31.75,31.75,31.75,31.15,90,2864.5,5-FEB-2009,
CHEMPLAST,EQ,3.5,4.0,3.5,3.65,3.65,3.6,33785,125229.95,5-FEB-2009,
CHENNPETRO,EQ,106.0,108.9,103.8,106.55,107.2,106.4,357658,38017326.1,5-FEB-2009,
CHESLINTEX,EQ,5.4,5.4,5.4,5.4,5.4,5.6,300,1620.0,5-FEB-2009,
CHETTINAD,EQ,501.0,501.0,455.25,461.0,461.0,459.65,3521,1639114.6,5-FEB-2009,
CHI,EQ,15.4,15.5,15.05,15.15,15.25,15.05,1172,17858.7,5-FEB-2009,
CHOLADBS,EQ,32.0,32.95,31.0,31.35,31.0,32.25,3350,106646.75,5-FEB-2009,
CIMCOBIRLA,EQ,8.1,8.1,8.1,8.1,8.1,8.45,106,858.6,5-FEB-2009,
CINEMAX,EQ,35.65,36.65,34.2,34.75,34.75,35.25,1674,59331.9,5-FEB-2009,
CINEVISTA,EQ,4.0,4.2,3.95,3.95,3.95,4.05,2286,9170.75,5-FEB-2009,
CIPLA,EQ,195.25,196.4,192.6,194.0,193.5,195.05,4309535,834878321.75,5-FEB-2009,
CLASSIC,EQ,8.05,8.85,8.0,8.15,8.25,8.15,26562,219091.25,5-FEB-2009,
CLNINDIA,EQ,149.5,153.75,149.5,152.7,152.0,148.1,1239,188004.8,5-FEB-2009,
CLUTCHAUTO,EQ,19.45,20.1,18.8,19.6,19.95,19.55,9285,180621.8,5-FEB-2009,
CMC,EQ,296.0,296.0,293.1,294.55,295.0,295.8,712,209838.8,5-FEB-2009,
COLPAL,EQ,416.75,419.8,414.25,415.55,416.0,417.7,35736,14865978.2,5-FEB-2009,
COMPUTECH,EQ,2.8,3.1,2.8,3.0,3.0,2.95,965,2817.5,5-FEB-2009,
COMSYS,EQ,10.0,10.05,9.95,10.0,10.0,10.0,1820,18204.2,5-FEB-2009,
CONCOR,EQ,697.7,697.7,655.0,656.95,655.2,697.65,9753,6599980.15,5-FEB-2009,
CONSOFINVT,EQ,32.05,35.0,32.05,34.85,35.0,33.9,1553,52871.85,5-FEB-2009,
CORDSCABLE,EQ,33.1,34.2,32.75,33.75,33.85,33.7,274,9172.65,5-FEB-2009,
COREPROTEC,EQ,54.0,54.25,51.15,51.9,51.8,53.55,185668,9715800.95,5-FEB-2009,
COROMNFERT,EQ,98.55,104.9,96.0,98.0,99.4,101.25,43303,4363709.55,5-FEB-2009,
CORPBANK,EQ,178.75,179.85,173.55,174.5,174.7,179.15,30772,5393876.1,5-FEB-2009,
COSMOFILMS,EQ,61.6,64.7,61.35,62.9,62.05,62.45,18691,1183106.25,5-FEB-2009,
CRANESSOFT,EQ,71.4,72.8,67.85,68.85,69.9,69.45,6992,489411.0,5-FEB-2009,
CREATIVEYE,EQ,5.0,5.0,4.25,4.5,4.6,4.95,16788,74869.4,5-FEB-2009,
CRESTANI,EQ,19.5,20.0,19.5,19.85,20.0,20.0,5015,99883.35,5-FEB-2009,
CREWBOS,EQ,16.95,17.4,16.85,17.2,17.2,17.0,8054,137913.0,5-FEB-2009,
CRISIL,EQ,2350.0,2359.95,2330.55,2345.2,2345.0,2346.0,1401,3290835.65,5-FEB-2009,
CROMPGREAV,EQ,128.25,130.5,127.5,130.05,130.0,130.05,413033,53627684.95,5-FEB-2009,
CTE,EQ,14.5,14.5,13.0,14.0,14.0,14.4,2978,40826.15,5-FEB-2009,
CUB,EQ,12.9,12.9,12.3,12.55,12.65,12.9,174438,2183841.95,5-FEB-2009,
CUBEXTUB,EQ,10.0,10.7,9.75,10.7,10.7,10.2,1106,11595.0,5-FEB-2009,
CUMMINSIND,EQ,169.05,172.5,167.5,170.05,170.0,170.0,497972,84642832.0,5-FEB-2009,
CYBERMEDIA,EQ,24.2,24.2,24.2,24.2,24.2,25.25,202,4888.4,5-FEB-2009,
CYBERTECH,EQ,9.0,9.65,9.0,9.0,9.0,9.4,1124,10197.3,5-FEB-2009,
D-LINK,EQ,38.8,40.0,38.8,39.05,39.05,39.3,2059,80725.5,5-FEB-2009,
DAAWAT,EQ,27.1,28.45,27.05,27.2,27.1,27.5,4249,117074.7,5-FEB-2009,
DABUR,EQ,88.1,91.25,87.0,90.8,90.9,88.5,746173,67033768.1,5-FEB-2009,
DABURPHARM,EQ,36.0,36.4,35.1,35.95,36.4,35.25,1668,59464.45,5-FEB-2009,
DALMIACEM,EQ,77.2,78.85,76.15,78.05,77.7,77.65,1464,114321.2,5-FEB-2009,
DATATECH,EQ,15.3,15.45,15.25,15.25,15.25,15.75,2376,36309.0,5-FEB-2009,
DCB,EQ,18.6,19.65,18.55,19.1,19.2,18.7,1636032,31281978.3,5-FEB-2009,
DCHL,EQ,37.5,38.0,37.0,37.55,37.75,37.95,59160,2223036.9,5-FEB-2009,
DCM,EQ,18.9,18.9,16.0,16.8,16.8,16.15,1032,17279.9,5-FEB-2009,
DCMFINSERV,EQ,2.4,2.4,2.4,2.4,2.4,2.35,3026,7262.4,5-FEB-2009,
DCMSRMCONS,EQ,25.65,26.4,25.05,25.15,25.05,25.85,12498,317657.1,5-FEB-2009,
DCW,EQ,9.2,9.95,8.75,8.9,8.8,8.95,1585760,14656158.2,5-FEB-2009,
DECCANCE,EQ,132.0,138.0,132.0,138.0,138.0,138.7,35,4710.35,5-FEB-2009,
DECOLIGHT,EQ,6.9,7.0,6.8,6.8,6.8,7.0,715,4891.6,5-FEB-2009,
DEEPAKFERT,EQ,54.85,56.45,53.65,54.0,54.05,55.85,37082,2032578.0,5-FEB-2009,
DELTACORP,EQ,28.85,28.85,27.05,28.65,28.3,27.45,8207,235505.75,5-FEB-2009,
DENABANK,EQ,36.0,37.0,35.1,36.7,36.95,36.55,1315897,47484906.3,5-FEB-2009,
DENORA,EQ,41.45,42.0,41.45,42.0,42.0,40.0,150,6245.0,5-FEB-2009,
DEWANHOUS,EQ,73.0,73.0,66.1,70.35,71.0,71.0,20772,1448566.5,5-FEB-2009,
DHAMPURSUG,EQ,32.25,33.2,31.1,31.6,31.8,31.65,67649,2140749.85,5-FEB-2009,
DHANBANK,EQ,50.0,59.4,48.2,48.7,48.3,49.5,23568,1171105.9,5-FEB-2009,
DHANUS,EQ,19.05,19.05,18.1,18.45,18.5,18.8,12549,231206.15,5-FEB-2009,
DHARSUGAR,EQ,14.7,14.8,13.8,13.9,13.9,14.1,510,7460.0,5-FEB-2009,
DICIND,EQ,109.0,111.85,109.0,111.85,111.85,113.85,6,668.25,5-FEB-2009,
DIGJAM,EQ,4.65,4.9,4.55,4.75,4.8,4.65,14773,69019.95,5-FEB-2009,
DISHMAN,EQ,115.0,121.0,115.0,120.2,118.2,116.9,259229,31125654.05,5-FEB-2009,
DISHTV,EQ,24.25,25.35,22.05,22.55,22.3,23.9,17676990,417031255.25,5-FEB-2009,
DIVISLAB,EQ,859.0,859.0,795.0,816.0,812.0,850.0,288323,233915612.5,5-FEB-2009,
DLF,EQ,142.0,142.0,131.1,140.0,140.55,139.45,15572806,2131898133.65,5-FEB-2009,
DOLPHINOFF,EQ,151.05,152.0,151.0,151.0,151.0,150.2,73,11038.5,5-FEB-2009,
DONEAR,EQ,19.5,21.7,19.0,20.4,21.7,20.2,7484,147881.0,5-FEB-2009,
DPSCLTD,EQ,229.8,229.8,229.8,229.8,229.8,218.85,25,5745.0,5-FEB-2009,
DREDGECORP,EQ,223.0,226.35,218.0,219.3,218.05,222.05,2174,481178.05,5-FEB-2009,
DRREDDY,EQ,438.0,450.05,438.0,447.95,448.55,436.6,354983,159177182.1,5-FEB-2009,
DSKULKARNI,EQ,16.4,16.4,15.5,15.8,15.9,16.1,56509,892659.55,5-FEB-2009,
DTIL,EQ,61.0,68.8,61.0,68.8,68.8,64.2,43,2942.5,5-FEB-2009,
DUNCANSIND,EQ,6.1,6.1,5.8,5.8,5.8,6.0,1915,11599.1,5-FEB-2009,
DWARKESH,BE,45.75,49.0,45.7,45.95,46.9,48.1,2356,110343.0,5-FEB-2009,
DYNACONS,EQ,0.4,0.45,0.4,0.4,0.4,0.4,48682,19689.55,5-FEB-2009,
DYNAMATECH,EQ,445.0,449.0,412.25,443.8,424.0,454.95,775,341833.0,5-FEB-2009,
EASTSILK,EQ,8.1,8.25,8.05,8.2,8.25,8.35,29427,239641.3,5-FEB-2009,
EASUNREYRL,EQ,38.0,38.5,37.65,38.05,38.0,38.0,10323,392496.95,5-FEB-2009,
ECEIND,EQ,115.25,120.0,107.0,110.7,107.55,118.85,826,92161.15,5-FEB-2009,
ECLERX,BE,99.0,100.0,95.0,97.0,97.0,96.15,540,52715.35,5-FEB-2009,
EDELWEISS,EQ,279.85,288.3,272.15,273.65,275.3,274.6,3336,918719.0,5-FEB-2009,
EDL,EQ,52.3,52.9,50.45,51.4,51.4,51.65,1656,84748.85,5-FEB-2009,
EDUCOMP,EQ,1400.0,1455.0,1355.0,1392.25,1383.0,1424.05,811706,1126850277.3,5-FEB-2009,
EICHERMOT,EQ,232.0,235.85,225.1,226.3,226.4,231.5,231438,53157916.9,5-FEB-2009,
EIDPARRY,EQ,142.25,145.3,140.1,145.2,145.0,145.0,19687,2826498.55,5-FEB-2009,
EIHAHOTELS,EQ,58.0,58.5,58.0,58.5,58.5,58.15,266,15543.2,5-FEB-2009,
EIHOTEL,EQ,94.3,99.0,94.3,95.6,94.7,95.35,25683,2484931.55,5-FEB-2009,
EIMCOELECO,EQ,116.2,124.45,116.2,124.45,124.45,118.5,21,2448.45,5-FEB-2009,
EKC,EQ,136.95,140.0,130.0,133.6,134.0,135.95,102805,13791452.5,5-FEB-2009,
ELDERPHARM,EQ,226.0,226.0,224.0,225.0,225.0,223.5,28,6292.1,5-FEB-2009,
ELECON,EQ,34.65,34.85,33.35,33.85,34.0,34.0,14618,496008.15,5-FEB-2009,
ELECTCAST,EQ,15.25,15.95,14.9,15.45,15.5,15.25,690033,10681437.3,5-FEB-2009,
ELECTHERM,EQ,86.05,88.5,86.0,86.0,86.0,88.3,425,36809.0,5-FEB-2009,
ELGIEQUIP,EQ,30.75,31.75,30.5,31.3,31.75,30.85,3618,112536.9,5-FEB-2009,
ELGIRUBBER,EQ,5.5,5.65,5.5,5.55,5.65,5.5,2633,14516.0,5-FEB-2009,
EMAMILTD,EQ,195.1,203.0,180.25,199.6,202.0,198.4,33105,6388257.1,5-FEB-2009,
EMCO,EQ,28.2,28.95,27.75,28.05,28.1,28.0,50249,1417554.25,5-FEB-2009,
EMKAY,EQ,27.7,27.7,27.2,27.2,27.2,28.05,90,2472.5,5-FEB-2009,
ENERGYDEV,EQ,37.05,37.5,36.15,37.05,37.05,36.9,10702,396580.95,5-FEB-2009,
ENGINERSIN,EQ,491.5,496.0,465.1,475.4,477.0,490.3,2739,1336428.05,5-FEB-2009,
ENIL,EQ,113.0,113.5,108.0,109.4,109.0,114.75,22331,2456707.4,5-FEB-2009,
ENKEI,EQ,11.0,11.5,11.0,11.5,11.5,11.95,133,1518.0,5-FEB-2009,
ENTEGRA,EQ,12.0,12.1,11.1,11.95,11.5,12.0,56340,674972.7,5-FEB-2009,
ERAINFRA,EQ,70.45,72.4,68.6,69.3,68.7,69.85,579665,40797694.95,5-FEB-2009,
ESABINDIA,EQ,238.0,239.0,231.55,237.95,238.0,238.5,1268,301302.4,5-FEB-2009,
ESCORTS,EQ,35.8,36.55,35.55,36.05,36.0,35.9,72239,2596325.9,5-FEB-2009,
ESSAROIL,EQ,74.0,74.0,69.25,71.0,71.1,70.4,512550,36184937.8,5-FEB-2009,
ESSARSHIP,EQ,30.0,34.15,30.0,31.65,31.45,29.3,695050,22729378.55,5-FEB-2009,
ESSDEE,EQ,122.3,136.95,122.3,134.75,136.95,135.1,6340,845826.2,5-FEB-2009,
ESSELPACK,EQ,13.3,14.1,13.3,13.7,13.7,13.6,94394,1301693.15,5-FEB-2009,
ETC,EQ,69.0,70.0,66.8,66.8,66.8,68.25,3484,240799.1,5-FEB-2009,
EUROCERA,EQ,29.05,29.9,28.0,28.0,28.0,29.05,76,2204.9,5-FEB-2009,
EUROTEXIND,EQ,11.15,11.15,11.15,11.15,11.15,11.6,74,825.1,5-FEB-2009,
EVEREADY,EQ,14.25,15.45,14.25,14.75,14.6,15.1,28929,432371.75,5-FEB-2009,
EVERESTIND,EQ,50.6,50.6,50.6,50.6,50.6,53.0,15,759.0,5-FEB-2009,
EVERONN,EQ,174.0,174.95,168.0,168.75,168.1,172.65,35991,6167832.85,5-FEB-2009,
EVINIX,EQ,2.6,2.65,2.45,2.5,2.6,2.65,348665,879401.25,5-FEB-2009,
EXCELCROP,EQ,75.0,75.0,67.5,70.2,71.0,74.65,7043,498208.05,5-FEB-2009,
EXCELINDUS,EQ,27.0,31.0,27.0,28.65,28.65,30.0,289,8245.8,5-FEB-2009,
EXIDEIND,EQ,40.65,41.5,39.55,39.8,39.7,40.65,896012,35903152.6,5-FEB-2009,
FACT,EQ,17.25,19.0,17.25,18.15,17.75,18.4,5346,97484.8,5-FEB-2009,
FAGBEARING,EQ,240.5,240.5,227.0,228.75,228.05,240.5,401,92312.2,5-FEB-2009,
FAME,EQ,14.8,14.8,14.3,14.7,14.6,14.5,7806,114461.65,5-FEB-2009,
FCH,EQ,132.4,135.45,128.45,129.75,129.1,129.6,102937,13658802.7,5-FEB-2009,
FCSSOFT,EQ,20.0,20.9,19.8,20.0,19.85,19.55,8560,171567.9,5-FEB-2009,
FDC,EQ,27.55,28.35,27.55,27.95,28.0,28.45,16441,458442.0,5-FEB-2009,
FEDDERLOYD,EQ,17.4,18.4,17.35,17.55,17.35,17.85,1665,29307.5,5-FEB-2009,
FEDERALBNK,EQ,143.0,143.4,133.9,138.95,139.05,141.85,285812,39415427.25,5-FEB-2009,
FIEMIND,EQ,45.5,46.0,43.55,46.0,46.0,45.95,842,37711.6,5-FEB-2009,
FINANTECH,EQ,445.0,450.0,432.0,447.2,449.0,444.4,30938,13677191.65,5-FEB-2009,
FINCABLES,EQ,20.1,20.1,19.25,19.35,19.35,19.8,84870,1675775.8,5-FEB-2009,
FINPIPE,EQ,27.15,28.0,27.15,27.65,27.55,27.7,11245,310752.4,5-FEB-2009,
FIRSTLEASE,EQ,29.3,29.45,29.3,29.3,29.3,29.0,220,6454.05,5-FEB-2009,
FIRSTWIN,EQ,13.1,13.95,13.0,13.75,13.9,13.65,5083,67748.65,5-FEB-2009,
FMGOETZE,EQ,32.8,34.5,32.55,33.05,32.55,33.6,6351,213060.1,5-FEB-2009,
FORTIS,EQ,64.3,66.0,63.85,64.2,64.1,64.0,192938,12527403.4,5-FEB-2009,
FOURSOFT,EQ,14.5,14.6,14.0,14.1,14.2,14.6,9392,133101.95,5-FEB-2009,
FSL,EQ,12.5,15.25,12.35,14.7,14.75,12.35,28549992,400868284.3,5-FEB-2009,
FTCPOF3YGR,EQ,9.55,9.55,9.55,9.55,9.55,9.3,7,66.85,5-FEB-2009,
FTCPOF5YGR,EQ,8.25,8.5,8.25,8.4,8.5,8.8,16000,133000.0,5-FEB-2009,
FTCSF3YGRO,EQ,9.85,9.85,9.85,9.85,9.85,9.85,1000,9850.0,5-FEB-2009,
FTCSF5YGRO,EQ,8.55,8.55,8.55,8.55,8.55,8.45,800,6840.0,5-FEB-2009,
GABRIEL,EQ,7.95,7.95,7.4,7.45,7.4,7.75,6506,49293.65,5-FEB-2009,
GAEL,EQ,15.65,16.0,15.4,15.75,15.85,15.75,3498,54702.65,5-FEB-2009,
GAIL,EQ,204.9,206.9,198.25,202.2,202.05,205.55,1873320,378666458.3,5-FEB-2009,
GALLANTT,EQ,10.0,10.55,10.0,10.0,10.0,10.0,1807,18129.0,5-FEB-2009,
GAMMNINFRA,EQ,54.0,54.0,52.25,52.55,52.5,53.75,822,43327.8,5-FEB-2009,
GAMMONIND,EQ,64.05,66.0,63.0,63.35,63.0,65.05,12253,785074.65,5-FEB-2009,
GANDHITUBE,EQ,43.7,43.7,37.1,38.0,38.5,38.85,773,30073.7,5-FEB-2009,
GANESHHOUC,EQ,38.0,38.0,36.0,37.85,37.85,37.75,51134,1917757.8,5-FEB-2009,
GANGOTRI,EQ,3.9,3.9,3.6,3.6,3.6,3.8,3561,13029.8,5-FEB-2009,
GARDENSILK,EQ,32.5,34.25,31.0,34.05,34.25,33.65,3898,130545.4,5-FEB-2009,
GARWALLROP,EQ,36.15,39.95,36.15,38.55,38.55,38.6,481,18280.55,5-FEB-2009,
GARWOFFS,EQ,72.95,72.95,69.0,69.25,69.55,69.55,1847,130037.0,5-FEB-2009,
GATI,EQ,28.15,35.9,28.15,35.1,35.0,35.05,5738,201194.7,5-FEB-2009,
GDL,EQ,59.5,60.4,57.8,58.75,59.2,58.95,124843,7377932.7,5-FEB-2009,
GEMINI,EQ,14.1,16.0,14.1,14.95,14.9,15.0,7044,105566.2,5-FEB-2009,
GENESYS,EQ,57.7,68.9,57.6,65.5,65.9,58.1,9872,636841.6,5-FEB-2009,
GENUSPOWER,EQ,90.1,94.8,86.0,86.4,86.15,90.05,9260,815047.05,5-FEB-2009,
GEODESIC,EQ,48.75,48.75,48.75,48.75,48.75,46.4,10226,498517.5,5-FEB-2009,
GEOJIT,EQ,22.7,23.55,22.15,22.3,22.2,22.65,80106,1824975.2,5-FEB-2009,
GEOMETRIC,EQ,18.0,18.15,17.35,17.55,17.75,17.85,19817,352912.8,5-FEB-2009,
GESHIP,EQ,178.0,193.5,178.0,189.75,188.35,177.65,1799047,335006047.55,5-FEB-2009,
GHCL,EQ,35.85,35.85,30.05,30.35,30.4,29.85,679181,21410848.4,5-FEB-2009,
GICHSGFIN,EQ,33.6,34.55,33.0,33.15,33.05,33.6,10730,362496.75,5-FEB-2009,
GILLETTE,EQ,665.15,685.8,663.5,665.5,665.1,675.8,282,188532.7,5-FEB-2009,
GINNIFILA,BE,4.0,4.35,4.0,4.2,4.2,4.2,3220,13290.2,5-FEB-2009,
GIPCL,EQ,47.0,47.45,45.0,46.35,46.9,47.2,21196,971779.3,5-FEB-2009,
GISOLUTION,EQ,13.45,13.55,13.45,13.45,13.45,16.8,3661,49271.85,5-FEB-2009,
GITANJALI,EQ,47.5,47.5,45.1,45.5,45.15,46.85,72456,3326395.75,5-FEB-2009,
GKW,EQ,31.35,31.4,30.95,31.1,31.0,34.35,972,30329.6,5-FEB-2009,
GLAXO,EQ,1140.0,1142.0,1135.0,1135.55,1135.0,1142.85,2267,2576099.05,5-FEB-2009,
GLENMARK,EQ,122.5,126.9,119.2,120.85,121.4,121.25,4277266,524981966.5,5-FEB-2009,
GLFL,EQ,2.65,2.7,2.5,2.6,2.6,2.55,1150,2988.75,5-FEB-2009,
GLOBALVECT,BE,27.0,28.5,27.0,27.1,27.0,27.5,880,23912.5,5-FEB-2009,
GLODYNE,EQ,170.0,171.95,165.2,170.3,165.55,170.55,5632,956716.7,5-FEB-2009,
GLORY,EQ,176.0,177.0,174.5,175.75,176.0,176.35,101008,17819548.1,5-FEB-2009,
GMBREW,EQ,53.0,53.0,51.0,52.85,52.0,54.5,2058,107432.5,5-FEB-2009,
GMDCLTD,EQ,38.75,39.9,38.1,38.45,38.35,39.05,120686,4702380.8,5-FEB-2009,
GMRFER,EQ,23.4,23.5,23.05,23.5,23.5,23.15,625,14646.25,5-FEB-2009,
GMRINDS,EQ,60.95,62.0,57.0,58.1,58.0,60.1,7864,465460.45,5-FEB-2009,
GMRINFRA,EQ,70.0,70.9,68.25,69.85,69.95,70.7,2612254,181642595.85,5-FEB-2009,
GNFC,EQ,55.0,57.4,54.5,54.9,55.0,56.2,85336,4706241.45,5-FEB-2009,
GOACARBON,EQ,55.1,59.0,55.1,58.35,58.2,56.15,1186,68590.15,5-FEB-2009,
GODFRYPHLP,EQ,804.0,804.0,784.0,795.0,795.0,801.6,669,526933.0,5-FEB-2009,
GODREJCP,EQ,128.55,132.5,128.55,131.65,132.0,130.55,32859,4317478.55,5-FEB-2009,
GODREJIND,EQ,61.8,62.5,60.55,61.55,61.45,61.9,41342,2541075.75,5-FEB-2009,
GOKEX,EQ,68.0,68.0,64.5,65.8,65.35,67.65,364,23950.95,5-FEB-2009,
GOKUL,EQ,175.0,183.0,175.0,179.35,180.0,176.6,3670,657562.15,5-FEB-2009,
GOLDBEES,EQ,1380.6,1398.65,1380.6,1391.99,1394.0,1380.49,15563,21672235.47,5-FEB-2009,
GOLDENTOBC,EQ,45.0,47.0,45.0,45.6,45.9,45.6,9917,458922.35,5-FEB-2009,
GOLDIAM,EQ,14.25,14.55,14.0,14.1,14.1,14.35,5158,72975.4,5-FEB-2009,
GOLDSHARE,EQ,1385.0,1398.0,1380.01,1392.72,1392.0,1382.36,2725,3794776.66,5-FEB-2009,
GOLDTECH,EQ,23.0,24.2,22.05,24.1,23.75,23.05,33495,802065.55,5-FEB-2009,
GPIL,EQ,49.25,50.3,48.35,48.9,49.5,49.15,37570,1846306.1,5-FEB-2009,
GRANULES,EQ,36.5,37.45,36.05,36.2,36.05,37.1,1862,67794.4,5-FEB-2009,
GRAPHITE,EQ,27.7,27.9,27.0,27.05,27.0,27.7,16161,441352.0,5-FEB-2009,
GRASIM,EQ,1290.9,1340.0,1280.5,1330.45,1333.0,1290.9,209638,273440126.75,5-FEB-2009,
GREAVESCOT,EQ,67.0,68.8,65.8,66.85,67.5,67.75,4375,292561.4,5-FEB-2009,
GREENPLY,EQ,50.5,50.5,48.85,50.5,50.5,50.85,1222,61050.5,5-FEB-2009,
GRINDWELL,EQ,79.0,79.75,77.5,78.55,77.5,77.5,227,17940.05,5-FEB-2009,
GSFC,EQ,88.0,90.85,84.65,85.9,85.6,85.7,23320,1999298.05,5-FEB-2009,
GSKCONS,EQ,592.05,608.4,588.1,599.9,600.0,600.0,20395,12235897.35,5-FEB-2009,
GSPL,EQ,31.0,31.0,29.25,29.55,29.35,30.05,802478,24101850.45,5-FEB-2009,
GSSAMERICA,EQ,103.95,105.4,100.2,101.7,101.9,102.2,28681,2944197.25,5-FEB-2009,
GTL,EQ,215.15,217.85,215.0,216.75,217.0,216.0,89765,19388841.6,5-FEB-2009,
GTLINFRA,EQ,29.05,29.9,28.4,28.75,28.8,29.05,292583,8514410.15,5-FEB-2009,
GTNTEX,EQ,7.35,7.35,6.35,7.2,7.2,7.2,335,2448.5,5-FEB-2009,
GTOFFSHORE,EQ,230.0,255.0,220.5,246.85,246.0,238.9,208837,51983708.45,5-FEB-2009,
GUFICBIO,EQ,3.85,3.9,3.8,3.9,3.9,4.05,3022,11608.65,5-FEB-2009,
GUJALKALI,EQ,65.5,67.7,64.15,66.0,66.0,66.55,60606,3972376.4,5-FEB-2009,
GUJAPOLLO,EQ,55.2,58.45,55.0,55.5,55.6,57.3,1637,91895.75,5-FEB-2009,
GUJFLUORO,EQ,60.65,60.65,58.5,59.0,59.0,59.65,3377,200008.6,5-FEB-2009,
GUJNRECOKE,EQ,23.6,23.6,22.1,22.45,22.35,22.7,2028106,46178409.95,5-FEB-2009,
GUJRATGAS,EQ,221.05,227.95,220.0,221.2,220.0,225.15,1480,326606.5,5-FEB-2009,
GUJSIDHCEM,EQ,8.0,8.3,7.8,8.15,8.0,8.0,68170,550215.45,5-FEB-2009,
GULFOILCOR,EQ,25.0,26.0,25.0,25.2,25.45,25.35,20974,535237.95,5-FEB-2009,
GVKPIL,EQ,19.1,19.4,18.6,18.8,18.8,19.0,7890973,149046891.1,5-FEB-2009,
GWALCHEM,EQ,56.5,58.0,54.35,54.9,55.5,56.65,7627,425304.1,5-FEB-2009,
HANUNG,EQ,31.75,31.9,30.2,30.5,30.3,30.9,121984,3761824.95,5-FEB-2009,
HARRMALAYA,EQ,30.85,32.2,30.85,31.65,32.0,31.85,12195,383772.0,5-FEB-2009,
HAVELLS,EQ,118.0,118.0,113.3,115.8,115.7,114.45,21717,2513667.35,5-FEB-2009,
HBLPOWER,EQ,108.95,111.0,106.45,107.15,107.3,113.15,352,38584.35,5-FEB-2009,
HBSTOCK,EQ,8.7,8.7,8.1,8.4,8.7,8.5,472,3963.45,5-FEB-2009,
HCC,EQ,41.4,41.4,39.5,40.15,39.95,41.0,1020390,40944981.75,5-FEB-2009,
HCIL,EQ,76.5,80.35,71.0,71.8,72.5,78.0,3818,288596.65,5-FEB-2009,
HCL-INSYS,EQ,83.95,83.95,72.5,72.65,73.4,82.05,315256,23170346.6,5-FEB-2009,
HCLTECH,EQ,124.85,124.9,119.25,121.55,122.5,122.1,835754,101758062.85,5-FEB-2009,
HDFC,EQ,1438.0,1455.0,1375.0,1387.9,1390.85,1438.55,1323657,1854763740.55,5-FEB-2009,
HDFCBANK,EQ,894.95,899.7,880.1,884.25,881.0,885.85,1077301,959186808.95,5-FEB-2009,
HDIL,EQ,77.0,79.5,75.1,76.15,76.4,77.8,13667821,1054571014.95,5-FEB-2009,
HEG,EQ,104.15,105.5,104.15,105.05,105.0,104.95,10381,1088875.55,5-FEB-2009,
HELIOSMATH,EQ,18.5,19.8,18.45,18.6,18.6,19.3,4416,84748.2,5-FEB-2009,
HERCULES,EQ,100.0,103.65,97.15,101.45,103.1,98.4,399,40164.5,5-FEB-2009,
HERITGFOOD,BE,64.0,64.0,58.6,58.6,58.6,61.65,2999,178607.9,5-FEB-2009,
HEROHONDA,EQ,880.1,880.1,863.3,873.45,873.05,877.75,102170,88984345.65,5-FEB-2009,
HEXAWARE,EQ,19.7,20.1,19.35,19.7,19.5,20.0,25643,505890.95,5-FEB-2009,
HGSL,EQ,140.0,143.0,124.0,128.5,132.0,139.0,2563,335836.15,5-FEB-2009,
HIKAL,EQ,166.55,168.6,161.3,163.25,161.4,173.1,347,57377.5,5-FEB-2009,
HILTON,EQ,12.8,13.25,12.8,13.25,13.25,13.2,448,5801.35,5-FEB-2009,
HIMACHLFUT,EQ,8.7,8.8,8.1,8.25,8.25,8.35,1195149,9989900.7,5-FEB-2009,
HIMATSEIDE,EQ,22.9,23.7,22.5,22.75,22.9,23.0,3788,86225.65,5-FEB-2009,
HINDALCO,EQ,45.0,45.45,43.1,43.45,43.4,44.3,4189177,185100793.0,5-FEB-2009,
HINDDORROL,EQ,22.6,25.0,22.6,24.55,24.5,24.5,8859,219112.55,5-FEB-2009,
HINDMOTOR,EQ,12.0,13.4,12.0,12.35,12.2,12.25,468343,5921360.4,5-FEB-2009,
HINDOILEXP,EQ,52.95,53.5,51.2,51.65,51.3,52.45,45149,2355399.45,5-FEB-2009,
HINDPETRO,EQ,292.0,294.5,289.15,291.1,290.8,290.35,978845,285824281.8,5-FEB-2009,
HINDSANIT,EQ,29.0,29.25,28.7,29.0,28.75,30.0,25700,745215.0,5-FEB-2009,
HINDSYNTEX,BE,2.05,2.05,2.05,2.05,2.05,2.05,250,512.5,5-FEB-2009,
HINDUJAFO,EQ,50.0,51.0,50.0,50.55,50.0,52.5,245,12365.0,5-FEB-2009,
HINDUJAVEN,EQ,125.9,125.9,118.4,121.6,122.2,122.95,1375,166047.0,5-FEB-2009,
HINDUNILVR,EQ,260.0,271.9,260.0,263.4,263.7,267.9,3604333,961105641.25,5-FEB-2009,
HINDZINC,EQ,334.75,343.85,330.05,336.8,339.0,328.75,178281,60307356.6,5-FEB-2009,
HIRECT,EQ,35.1,35.1,33.0,34.25,34.25,35.0,878,29108.75,5-FEB-2009,
HITACHIHOM,EQ,39.0,39.4,36.7,38.15,38.15,38.25,3860,143415.3,5-FEB-2009,
HITECHGEAR,EQ,45.0,45.0,41.9,41.9,41.9,43.35,141,6040.4,5-FEB-2009,
HITECHPLAS,EQ,38.8,38.8,31.3,31.55,31.55,32.5,268,8981.45,5-FEB-2009,
HMT,EQ,25.15,27.5,25.05,26.05,26.0,25.95,25465,675145.35,5-FEB-2009,
HOCL,EQ,19.75,19.75,18.5,18.65,18.55,19.25,73540,1406051.5,5-FEB-2009,
HONAUT,EQ,784.0,784.0,773.85,784.0,784.0,754.5,15,11714.65,5-FEB-2009,
HONDAPOWER,EQ,139.95,139.95,130.0,137.7,137.7,135.0,164,21792.35,5-FEB-2009,
HOPFL,EQ,45.9,46.0,45.25,45.55,45.55,45.85,4133,189591.3,5-FEB-2009,
HORIZONINF,EQ,430.0,444.0,430.0,444.0,444.0,451.65,31,13470.0,5-FEB-2009,
HOTELEELA,EQ,18.2,20.25,18.1,18.8,18.85,17.9,2143602,41507849.15,5-FEB-2009,
HOTELRUGBY,EQ,5.1,5.1,5.1,5.1,5.1,5.35,201,1025.1,5-FEB-2009,
HOVS,EQ,27.65,28.45,26.7,27.0,27.75,27.6,2689,73236.8,5-FEB-2009,
HTMEDIA,EQ,53.4,53.5,51.0,51.75,52.1,51.4,4093,210715.15,5-FEB-2009,
HYDRBADIND,EQ,125.0,127.0,125.0,125.9,126.8,127.45,2303,290004.9,5-FEB-2009,
IBN18,EQ,78.9,79.0,65.4,74.15,78.0,76.75,19102,1442411.55,5-FEB-2009,
IBREALEST,EQ,93.1,95.45,90.25,92.3,92.0,92.3,6246678,579086078.8,5-FEB-2009,
IBRETAILS,BE,15.0,15.9,14.35,14.45,14.35,15.1,10194,150507.45,5-FEB-2009,
IBSEC,EQ,23.75,23.9,22.35,22.85,22.8,23.2,1341923,31087394.25,5-FEB-2009,
ICI,EQ,400.0,405.0,385.0,387.0,387.0,400.05,7174,2801082.85,5-FEB-2009,
ICICIBANK,EQ,390.1,396.55,385.05,390.55,393.0,389.7,5065666,1973706998.5,5-FEB-2009,
ICIL,EQ,3.45,3.45,3.45,3.45,3.45,3.55,130,448.5,5-FEB-2009,
ICRA,EQ,436.25,476.0,436.25,446.25,445.0,442.85,11853,5423895.2,5-FEB-2009,
ICSA,EQ,81.5,82.65,78.55,80.45,80.35,80.95,54583,4395305.55,5-FEB-2009,
IDBI,EQ,54.4,54.9,53.5,54.15,54.4,54.0,502977,27198717.9,5-FEB-2009,
IDEA,EQ,44.3,44.95,43.1,44.1,44.15,44.3,2408804,105493543.9,5-FEB-2009,
IDFC,EQ,54.9,54.9,52.25,52.6,52.3,54.0,4402408,233009230.55,5-FEB-2009,
IFBIND,EQ,30.6,30.6,30.6,30.6,30.6,27.8,5529,169187.4,5-FEB-2009,
IFCI,EQ,18.9,19.4,18.25,18.5,18.55,18.85,12440767,233100132.55,5-FEB-2009,
IFGLREFRAC,EQ,18.0,18.0,17.0,17.6,17.6,18.05,4055,70736.7,5-FEB-2009,
IGARASHI,EQ,11.95,12.3,11.85,12.0,11.9,11.95,3072,36945.5,5-FEB-2009,
IGL,EQ,111.45,112.8,106.7,107.1,107.25,109.95,107391,11704659.45,5-FEB-2009,
IGPL,EQ,19.2,19.2,19.2,19.2,19.2,19.25,556,10675.2,5-FEB-2009,
IILTD,EQ,31.0,33.0,31.0,32.7,32.75,32.15,4333,139888.75,5-FEB-2009,
IMPAL,EQ,147.0,149.0,146.0,147.3,146.35,149.45,205,30047.5,5-FEB-2009,
IMPEXFERRO,EQ,6.75,6.95,6.45,6.6,6.45,6.7,3355,22533.0,5-FEB-2009,
INDBANK,EQ,7.65,8.3,7.65,7.95,7.95,7.8,1894,15065.3,5-FEB-2009,
INDHOTEL,EQ,39.0,39.8,38.15,38.25,38.35,38.75,307926,11962917.7,5-FEB-2009,
INDIABULLS,EQ,132.55,132.6,132.55,132.6,132.6,126.25,122443,16235931.55,5-FEB-2009,
INDIACEM,EQ,107.95,107.95,102.0,103.0,103.75,106.1,397380,41271739.65,5-FEB-2009,
INDIAGLYCO,EQ,52.5,54.2,52.0,53.65,53.85,52.9,21343,1144273.5,5-FEB-2009,
INDIAINFO,EQ,44.0,44.0,41.8,42.7,43.2,42.6,793285,33920947.1,5-FEB-2009,
INDIANB,EQ,112.9,113.5,109.5,110.0,110.0,111.8,354041,39339978.55,5-FEB-2009,
INDIANCARD,EQ,54.6,54.6,53.85,53.85,53.85,55.0,385,21002.25,5-FEB-2009,
INDIANHUME,EQ,256.15,256.15,250.15,251.15,250.15,244.85,144,36240.85,5-FEB-2009,
INDLMETER,EQ,38.0,40.0,35.1,36.05,35.1,38.1,1182,44041.3,5-FEB-2009,
INDNIPPON,EQ,88.0,90.0,87.9,88.0,90.0,88.5,119,10474.5,5-FEB-2009,
INDOASIFU,EQ,27.0,27.5,26.5,26.8,27.0,27.0,1648,43857.0,5-FEB-2009,
INDOCO,EQ,116.05,125.0,116.05,118.85,118.85,115.55,902,106424.45,5-FEB-2009,
INDORAMA,EQ,13.45,13.45,13.05,13.3,13.3,13.1,2634,34830.15,5-FEB-2009,
INDOTECH,EQ,302.95,304.0,301.35,302.4,302.4,302.8,44466,13440324.55,5-FEB-2009,
INDOWIND,EQ,19.0,19.7,16.05,18.65,18.5,19.65,16560,313396.35,5-FEB-2009,
INDRAMEDCO,EQ,23.5,23.8,23.45,23.75,23.75,23.6,16820,398203.65,5-FEB-2009,
INDSWFTLAB,EQ,25.8,26.05,25.2,25.5,25.25,26.1,17184,442623.35,5-FEB-2009,
INDSWFTLTD,EQ,13.05,13.4,13.0,13.3,13.4,13.15,4373,57312.6,5-FEB-2009,
INDUSFILA,EQ,22.55,22.55,22.05,22.05,22.05,23.2,1010,22502.8,5-FEB-2009,
INDUSINDBK,EQ,32.2,32.9,31.85,32.2,32.45,32.15,173771,5620339.2,5-FEB-2009,
INEABS,EQ,85.5,87.0,85.5,86.25,85.5,88.85,139,11950.0,5-FEB-2009,
INFOMEDIA,EQ,66.0,66.0,63.15,66.0,66.0,66.0,194,12684.25,5-FEB-2009,
INFOSYSTCH,EQ,1286.0,1295.0,1237.5,1255.85,1260.9,1281.65,2192203,2757277761.2,5-FEB-2009,
INFOTECENT,EQ,82.5,84.0,81.0,82.25,82.35,83.5,662,54721.65,5-FEB-2009,
INGERRAND,EQ,235.4,238.0,234.0,236.85,237.0,237.15,7100,1674163.3,5-FEB-2009,
INGVYSYABK,EQ,130.4,133.4,130.0,131.1,131.35,134.85,1920,252865.45,5-FEB-2009,
INOXLEISUR,EQ,29.1,30.35,28.2,29.05,29.15,29.1,30720,904778.0,5-FEB-2009,
INVSTSMART,EQ,61.0,61.5,56.0,57.25,58.4,60.05,2496,144672.5,5-FEB-2009,
IOB,EQ,58.7,59.25,57.5,57.9,58.1,58.7,268442,15594337.3,5-FEB-2009,
IOC,EQ,442.0,443.1,436.3,437.95,438.0,440.05,182891,80132927.2,5-FEB-2009,
IOLN,BE,45.05,47.3,45.0,46.15,46.65,47.35,37956,1740230.5,5-FEB-2009,
IPCALAB,EQ,340.0,340.0,335.0,335.6,336.95,341.0,1774,595276.35,5-FEB-2009,
IRB,EQ,112.85,112.85,110.0,110.2,110.0,110.05,19567,2153039.85,5-FEB-2009,
ISMTLTD,EQ,17.9,18.45,17.7,18.0,18.0,18.1,8993,162460.7,5-FEB-2009,
ISPATIND,EQ,11.25,12.4,11.1,11.3,11.3,11.15,32661285,381399598.6,5-FEB-2009,
ITC,EQ,181.0,183.65,179.6,181.3,182.0,180.9,1590120,288577634.85,5-FEB-2009,
ITDCEM,EQ,73.0,77.0,73.0,76.0,76.0,76.1,262,19860.35,5-FEB-2009,
ITI,EQ,14.7,15.95,14.55,14.7,14.6,14.9,29600,444715.8,5-FEB-2009,
IVC,EQ,99.95,99.95,97.0,97.55,97.0,99.0,2528,248864.35,5-FEB-2009,
IVRCLINFRA,EQ,100.1,102.6,96.1,98.6,98.4,99.75,1712310,169862021.85,5-FEB-2009,
IVRPRIME,EQ,30.1,31.3,27.6,28.45,28.6,30.75,71912,2086235.4,5-FEB-2009,
J&KBANK,EQ,303.0,310.9,303.0,309.3,310.0,309.3,6461,1995269.85,5-FEB-2009,
JAGRAN,EQ,46.1,48.8,46.1,48.05,48.1,47.35,13156,628993.7,5-FEB-2009,
JAGSNPHARM,EQ,7.0,7.9,7.0,7.9,7.9,7.15,16533,128978.4,5-FEB-2009,
JAIBALAJI,EQ,68.85,71.5,67.0,68.5,69.95,70.5,7140,489377.85,5-FEB-2009,
JAICORPLTD,EQ,66.0,68.75,66.0,68.0,67.8,67.95,44314,3013653.55,5-FEB-2009,
JAINSTUDIO,EQ,7.1,7.5,6.9,7.4,7.5,7.5,1716,12451.5,5-FEB-2009,
JAYAGROGN,EQ,32.0,33.5,31.55,32.3,32.85,31.2,470,15323.95,5-FEB-2009,
JAYBARMARU,EQ,23.65,23.65,23.65,23.65,23.65,23.75,449,10618.85,5-FEB-2009,
JAYNECOIND,EQ,9.4,9.9,9.25,9.5,9.35,9.65,9944,96200.55,5-FEB-2009,
JAYPEEHOT,EQ,61.2,65.0,61.0,62.2,63.2,62.25,1730,108351.05,5-FEB-2009,
JAYSREETEA,EQ,72.2,74.8,72.2,74.45,74.45,74.45,2786,206951.1,5-FEB-2009,
JBCHEPHARM,EQ,32.0,37.0,32.0,35.6,35.35,35.4,5642,200493.35,5-FEB-2009,
JBFIND,EQ,32.0,32.0,31.0,31.35,31.0,32.3,6066,192456.9,5-FEB-2009,
JBMA,EQ,22.0,22.0,22.0,22.0,22.0,21.65,20,440.0,5-FEB-2009,
JCTEL,EQ,2.2,2.4,2.2,2.4,2.4,2.3,1397,3228.1,5-FEB-2009,
JDORGOCHEM,EQ,1.55,1.55,1.55,1.55,1.55,1.7,100,155.0,5-FEB-2009,
JENSONICOL,BE,3.35,3.45,3.2,3.4,3.4,3.35,3262,10688.5,5-FEB-2009,
JETAIRWAYS,EQ,160.15,168.9,160.0,161.7,160.5,165.95,377102,62048131.5,5-FEB-2009,
JHS,EQ,16.5,17.2,16.05,17.2,17.2,17.0,1302,21979.0,5-FEB-2009,
JIKIND,EQ,9.35,10.35,9.35,9.75,9.75,9.8,247,2433.65,5-FEB-2009,
JINDALPHOT,EQ,80.0,83.0,80.0,81.05,81.0,81.15,1572,127793.8,5-FEB-2009,
JINDALPOLY,EQ,290.0,290.0,275.6,275.6,275.6,290.1,9822,2715106.8,5-FEB-2009,
JINDALSAW,EQ,187.8,190.5,182.0,183.55,184.0,187.2,51377,9486349.65,5-FEB-2009,
JINDALSTEL,EQ,1010.0,1042.0,1002.0,1027.35,1030.0,1001.35,1078815,1106399443.3,5-FEB-2009,
JINDALSWHL,EQ,238.0,244.9,235.0,238.25,236.5,241.2,1840,439395.25,5-FEB-2009,
JINDRILL,EQ,249.0,257.0,240.0,245.1,248.7,247.05,13010,3203394.45,5-FEB-2009,
JISLJALEQS,EQ,325.0,327.25,316.0,318.05,318.0,324.85,121449,38644904.05,5-FEB-2009,
JKCEMENT,EQ,40.4,40.4,38.75,38.95,39.05,39.4,10617,415364.0,5-FEB-2009,
JKIL,EQ,56.1,60.9,56.1,58.35,58.0,57.0,7192,419614.05,5-FEB-2009,
JKLAKSHMI,EQ,38.95,39.0,37.8,38.05,37.9,38.1,26063,997792.55,5-FEB-2009,
JKPAPER,EQ,14.75,15.25,14.75,15.05,15.1,15.1,1609,24195.2,5-FEB-2009,
JKTYRE,EQ,35.0,35.0,34.5,34.55,34.55,35.0,7010,242325.85,5-FEB-2009,
JMCPROJECT,EQ,51.55,56.85,51.5,55.6,55.0,54.15,6967,381987.75,5-FEB-2009,
JMFINANCIL,EQ,18.1,18.9,18.1,18.85,18.85,18.45,22125,413831.35,5-FEB-2009,
JMTAUTOLTD,EQ,19.1,19.4,19.1,19.4,19.4,18.5,100,1925.0,5-FEB-2009,
JOCIL,EQ,70.0,70.0,68.25,70.0,70.0,71.05,95,6606.25,5-FEB-2009,
JPASSOCIAT,EQ,69.9,70.35,67.15,68.25,68.55,69.4,10787148,740246082.45,5-FEB-2009,
JPHYDRO,EQ,29.55,30.7,29.5,29.7,29.75,29.95,1083670,32514175.75,5-FEB-2009,
JSL,EQ,35.1,37.4,35.1,36.05,35.7,35.85,55902,2032483.55,5-FEB-2009,
JSWSTEEL,EQ,201.0,206.5,193.5,195.35,195.2,199.3,714720,142722045.0,5-FEB-2009,
JUBILANT,EQ,118.8,118.8,115.65,116.25,118.0,117.35,3822,446232.05,5-FEB-2009,
JUNIORBEES,EQ,42.0,42.0,41.5,41.7,41.7,42.06,1103,45996.75,5-FEB-2009,
JYOTHYLAB,EQ,53.0,54.4,52.2,52.75,52.2,53.9,1954,104032.1,5-FEB-2009,
JYOTISTRUC,EQ,58.5,59.95,57.7,58.15,58.0,59.7,5629,327816.05,5-FEB-2009,
KABRAEXTRU,EQ,62.0,71.0,62.0,64.6,64.55,66.0,66,4304.9,5-FEB-2009,
KAJARIACER,EQ,28.4,28.4,27.05,27.7,28.0,27.75,9249,254006.6,5-FEB-2009,
KAKATCEM,EQ,58.0,60.0,57.5,57.5,57.5,57.25,373,21772.45,5-FEB-2009,
KALECONSUL,EQ,24.8,26.85,23.85,24.5,24.55,23.8,73003,1810837.65,5-FEB-2009,
KALINDEE,EQ,113.1,114.75,107.0,112.15,112.15,110.7,7895,870605.6,5-FEB-2009,
KALPATPOWR,EQ,269.1,270.15,255.25,263.05,264.0,268.65,29358,7715169.35,5-FEB-2009,
KALSTEELS,EQ,43.55,47.0,43.55,45.0,44.35,45.0,4500,205016.6,5-FEB-2009,
KALYANIFRG,EQ,45.2,45.25,44.1,44.1,44.1,48.1,325,14499.0,5-FEB-2009,
KAMATHOTEL,EQ,34.0,36.7,34.0,35.25,35.05,35.2,382,13605.75,5-FEB-2009,
KANORICHEM,EQ,15.8,16.25,15.8,16.0,16.0,15.95,651,10311.4,5-FEB-2009,
KANSAINER,EQ,360.0,369.95,360.0,366.55,367.0,368.0,203,74264.0,5-FEB-2009,
KARURVYSYA,EQ,208.8,209.0,206.1,207.95,209.0,207.6,5313,1102215.7,5-FEB-2009,
KAUSHALYA,EQ,9.1,9.65,9.0,9.15,9.25,9.35,17148,158123.3,5-FEB-2009,
KAVVERITEL,EQ,35.0,37.0,33.55,34.45,33.55,36.45,830,28674.1,5-FEB-2009,
KBL,EQ,73.0,73.0,68.35,69.15,68.9,70.8,51557,3612810.1,5-FEB-2009,
KCP,EQ,133.0,143.7,133.0,134.4,135.2,142.65,2771,377641.95,5-FEB-2009,
KCPSUGIND,EQ,14.0,14.0,13.45,13.55,13.65,14.15,40010,547806.55,5-FEB-2009,
KEC,EQ,158.0,159.0,153.05,154.0,155.0,156.85,2227,346006.65,5-FEB-2009,
KEI,EQ,10.7,10.7,10.0,10.1,10.2,10.4,259970,2638628.8,5-FEB-2009,
KERNEX,EQ,51.0,52.9,50.1,51.2,51.1,53.4,7591,390330.55,5-FEB-2009,
KESORAMIND,EQ,120.0,120.7,114.35,115.95,115.6,120.05,21324,2475570.75,5-FEB-2009,
KFA,EQ,33.0,33.75,32.0,32.4,32.5,32.85,795509,26124627.45,5-FEB-2009,
KGL,EQ,11.4,11.5,11.0,11.15,11.05,11.0,447408,5040939.05,5-FEB-2009,
KHAITANELE,EQ,28.45,30.0,27.65,28.2,28.0,30.0,6849,194716.15,5-FEB-2009,
KHANDSE,EQ,31.0,31.0,31.0,31.0,31.0,33.85,1,31.0,5-FEB-2009,
KIL,EQ,11.5,12.45,11.5,12.2,12.2,11.75,2227,27310.8,5-FEB-2009,
KINETICMOT,EQ,6.95,7.1,6.6,6.6,6.6,6.65,3387,23470.4,5-FEB-2009,
KIRIDYES,EQ,90.0,92.0,90.0,91.05,92.0,90.1,19440,1771063.5,5-FEB-2009,
KIRLOSOIL,EQ,35.0,35.6,35.0,35.0,35.05,35.05,102347,3582500.55,5-FEB-2009,
KITPLYIND,BE,6.5,6.65,6.3,6.5,6.5,6.3,26007,170244.65,5-FEB-2009,
KKCL,EQ,113.1,113.1,110.0,110.0,110.0,113.1,7,775.7,5-FEB-2009,
KLGSYSTEL,EQ,67.0,69.95,66.25,67.45,67.5,67.95,6849,462424.9,5-FEB-2009,
KMSUGAR,BE,10.15,10.15,10.15,10.15,10.15,9.85,40,406.0,5-FEB-2009,
KNRCON,EQ,32.3,32.5,31.5,32.3,31.85,32.5,2324,73863.25,5-FEB-2009,
KOHINOOR,EQ,90.15,90.15,88.0,89.35,89.5,87.8,6366,566332.6,5-FEB-2009,
KOLTEPATIL,EQ,21.4,23.25,21.4,22.05,22.0,22.2,19957,441487.9,5-FEB-2009,
KOPDRUGS,EQ,5.5,6.5,5.5,6.5,6.5,5.95,103,568.5,5-FEB-2009,
KOPRAN,EQ,8.5,8.5,7.8,8.0,8.0,7.95,6925,56100.9,5-FEB-2009,
KOTAKBANK,EQ,273.4,275.0,257.0,260.95,260.05,272.95,915067,241643704.65,5-FEB-2009,
KOTAKGOLD,EQ,1385.31,1402.5,1370.1,1399.04,1401.5,1385.31,1567,2192792.58,5-FEB-2009,
KOTAKPSUBK,EQ,169.0,169.0,166.0,166.0,166.0,168.0,14,2354.0,5-FEB-2009,
KOTARISUG,EQ,6.05,6.05,5.7,5.75,5.75,6.0,23794,138260.8,5-FEB-2009,
KOTHARIPET,EQ,7.0,7.2,6.9,7.2,7.2,7.2,3780,26328.55,5-FEB-2009,
KOTHARIPRO,EQ,156.2,163.0,156.2,157.05,157.05,155.1,69,10975.5,5-FEB-2009,
KOUTONS,EQ,450.0,470.0,432.0,447.65,439.7,441.0,11456,5088251.0,5-FEB-2009,
KPIT,EQ,21.85,21.85,20.65,20.8,21.0,21.0,45062,948075.8,5-FEB-2009,
KPRMILL,EQ,25.25,26.4,23.7,24.3,23.75,25.45,8675,212624.5,5-FEB-2009,
KRBL,EQ,64.15,64.15,61.15,61.85,61.45,63.5,5875,369294.95,5-FEB-2009,
KRISHNAENG,EQ,1.9,2.2,1.9,2.0,2.0,2.0,874,1823.1,5-FEB-2009,
KSBPUMPS,EQ,207.0,211.9,205.5,208.0,205.5,216.65,401,83593.9,5-FEB-2009,
KSCL,EQ,125.85,128.75,121.2,124.4,124.95,125.05,3466,437688.05,5-FEB-2009,
KSERAPRO,EQ,20.0,20.25,19.0,19.3,19.1,19.35,230297,4497716.15,5-FEB-2009,
KSK,EQ,155.05,156.75,152.0,153.2,154.0,155.2,7801,1199903.5,5-FEB-2009,
KSOILS,EQ,41.4,42.25,40.5,41.6,41.45,41.4,148169,6171178.15,5-FEB-2009,
KTKBANK,EQ,70.1,70.8,69.5,70.05,69.5,70.3,29865,2097312.4,5-FEB-2009,
LAKPRE,EQ,19.15,20.0,19.15,19.45,19.45,18.5,6323,123474.95,5-FEB-2009,
LAKSHMIEFL,EQ,176.0,179.85,165.0,165.4,165.25,181.0,296,50370.5,5-FEB-2009,
LAKSHVILAS,EQ,61.5,61.5,58.2,59.35,59.0,60.05,13244,788271.1,5-FEB-2009,
LANCOIN,EQ,16.4,17.9,16.35,17.4,17.35,18.0,2137,36877.15,5-FEB-2009,
LAOPALA,EQ,17.6,17.6,16.5,17.5,17.5,16.8,103,1752.6,5-FEB-2009,
LAXMIMACH,EQ,500.8,500.8,470.0,487.2,492.0,500.8,3428,1672314.35,5-FEB-2009,
LCCINFOTEC,EQ,0.5,0.55,0.5,0.55,0.5,0.5,36125,19061.7,5-FEB-2009,
LGBFORGE,BE,1.4,1.5,1.4,1.45,1.45,1.45,14787,21548.6,5-FEB-2009,
LGBROS,EQ,8.75,9.0,8.15,8.2,8.2,8.25,1264,10486.4,5-FEB-2009,
LIBERTSHOE,EQ,37.05,39.0,37.0,38.3,38.0,38.45,775,29673.85,5-FEB-2009,
LICHSGFIN,EQ,206.5,208.0,197.1,200.2,199.2,205.55,615576,123572848.7,5-FEB-2009,
LIQUIDBEES,EQ,999.99,1000.01,999.99,1000.0,1000.01,1000.0,35346,35346192.15,5-FEB-2009,
LITL,EQ,112.5,114.9,108.5,111.2,111.6,111.8,915752,101270422.25,5-FEB-2009,
LLOYDELENG,EQ,21.0,21.2,20.5,20.85,20.95,21.25,12124,252984.05,5-FEB-2009,
LLOYDSTEEL,EQ,4.15,4.2,4.0,4.05,4.05,4.0,228868,940791.45,5-FEB-2009,
LML,EQ,5.9,6.15,5.9,6.05,6.05,6.1,82588,502764.8,5-FEB-2009,
LOGIXMICRO,EQ,54.05,56.0,54.0,54.2,55.9,59.9,467,25419.85,5-FEB-2009,
LOKESHMACH,EQ,21.2,21.95,21.1,21.4,21.45,21.3,7222,154389.4,5-FEB-2009,
LOTTEINDIA,BE,353.0,353.0,335.95,347.55,345.0,336.3,92,31905.4,5-FEB-2009,
LOTUSEYE,BE,27.85,27.85,27.85,27.85,27.85,27.0,200,5570.0,5-FEB-2009,
LPDC,EQ,3.4,4.0,3.4,3.65,3.65,3.6,40892,149349.1,5-FEB-2009,
LT,EQ,659.0,663.7,632.0,636.6,633.5,655.3,2722173,1747101299.4,5-FEB-2009,
LUMAXAUTO,EQ,18.0,18.0,17.65,17.65,17.65,17.95,375,6631.25,5-FEB-2009,
LUMAXIND,EQ,72.05,74.8,71.4,72.0,72.0,74.95,2920,213583.15,5-FEB-2009,
LUMAXTECH,EQ,19.1,19.1,19.1,19.1,19.1,18.2,8,152.8,5-FEB-2009,
LUPIN,EQ,570.45,590.0,570.15,587.7,586.0,573.2,48508,28313657.2,5-FEB-2009,
LYKALABS,EQ,16.2,16.2,15.2,15.4,15.2,15.5,3119,48105.95,5-FEB-2009,
M&M,EQ,285.0,285.0,264.0,265.65,266.5,281.2,266778,72013428.15,5-FEB-2009,
M&MFIN,EQ,193.35,202.45,193.35,200.95,200.8,196.2,4550,902571.7,5-FEB-2009,
MAARSOFTW,EQ,1.45,1.5,1.4,1.45,1.45,1.4,49453,71749.65,5-FEB-2009,
MACMILLAN,EQ,56.0,56.0,44.5,45.3,45.6,48.3,7540,377480.3,5-FEB-2009,
MADHAV,BE,13.0,13.0,12.5,12.5,12.5,13.0,554,6950.0,5-FEB-2009,
MADHUCON,EQ,55.0,55.45,53.05,54.05,53.5,54.9,5413,292539.5,5-FEB-2009,
MADRASCEM,EQ,67.0,67.0,62.5,63.4,63.7,64.4,20930,1339145.55,5-FEB-2009,
MADRASFERT,EQ,7.15,7.5,7.15,7.25,7.35,7.35,9171,67069.1,5-FEB-2009,
MAGMA,EQ,192.0,192.0,181.1,181.1,181.1,181.2,553,102953.3,5-FEB-2009,
MAGNUM,EQ,6.5,6.5,6.1,6.3,6.25,6.35,10217,64483.3,5-FEB-2009,
MAHABANK,EQ,22.75,22.9,22.45,22.6,22.65,22.85,94129,2133119.85,5-FEB-2009,
MAHINDFORG,EQ,45.0,49.9,44.05,49.35,49.9,47.15,921,43534.7,5-FEB-2009,
MAHINDUGIN,EQ,20.0,20.0,19.55,20.0,20.0,19.6,1147,22895.0,5-FEB-2009,
MAHLIFE,EQ,126.35,126.35,113.2,114.75,114.0,119.3,11236,1322720.0,5-FEB-2009,
MAHSCOOTER,EQ,72.95,72.95,65.05,67.95,68.85,65.15,250,16678.5,5-FEB-2009,
MAHSEAMLES,EQ,125.0,127.95,124.0,124.45,124.25,124.2,9631,1203935.9,5-FEB-2009,
MALCO,EQ,80.0,80.1,77.05,77.3,77.2,80.6,12124,945793.35,5-FEB-2009,
MALUPAPER,EQ,9.65,10.05,9.6,9.7,9.75,9.65,2669,26028.1,5-FEB-2009,
MALWACOTT,EQ,19.5,19.5,16.3,18.2,18.2,17.95,174,2846.6,5-FEB-2009,
MANAKSIA,EQ,31.15,32.4,29.95,31.2,31.6,32.1,18053,557121.85,5-FEB-2009,
MANALIPETC,EQ,7.25,7.25,6.9,6.9,7.05,7.1,63524,445998.85,5-FEB-2009,
MANGALAM,EQ,5.25,5.4,5.25,5.4,5.4,5.4,650,3487.5,5-FEB-2009,
MANGCHEFER,EQ,12.55,12.65,12.2,12.4,12.5,12.3,65895,816280.6,5-FEB-2009,
MANGLMCEM,EQ,51.95,53.9,50.0,51.3,50.8,48.85,53202,2747661.6,5-FEB-2009,
MANGTIMBER,EQ,13.85,13.85,13.0,13.55,13.6,13.0,1705,22172.85,5-FEB-2009,
MANINDS,EQ,29.0,29.5,28.5,28.75,28.5,29.6,26068,756466.15,5-FEB-2009,
MANUGRAPH,EQ,31.0,31.0,30.0,30.05,30.7,30.75,2252,67640.0,5-FEB-2009,
MARALOVER,EQ,4.75,4.8,4.5,4.55,4.55,4.8,1859,8585.15,5-FEB-2009,
MARICO,EQ,59.8,60.0,58.1,58.5,58.6,59.3,78050,4605643.9,5-FEB-2009,
MARKSANS,EQ,5.6,5.65,5.45,5.5,5.6,5.55,199717,1105136.55,5-FEB-2009,
MARUTI,EQ,585.6,603.9,571.4,577.05,575.0,602.0,1405004,816946241.1,5-FEB-2009,
MASTEK,EQ,142.0,142.0,136.1,137.6,137.5,140.55,8568,1191490.75,5-FEB-2009,
MATRIXLABS,EQ,79.7,80.9,76.15,77.5,77.5,79.65,18541,1448875.8,5-FEB-2009,
MAX,EQ,114.0,116.0,110.2,111.6,110.65,113.5,24284,2767932.45,5-FEB-2009,
MAXWELL,EQ,10.6,10.85,10.3,10.65,10.65,10.55,3615,37904.7,5-FEB-2009,
MAYTASINFR,EQ,60.1,60.1,60.1,60.1,60.1,63.25,1296,77889.6,5-FEB-2009,
MBECL,EQ,32.75,34.1,32.0,34.1,34.1,33.1,1305,43658.2,5-FEB-2009,
MCDHOLDING,BE,46.3,48.5,46.25,47.0,47.0,47.05,1061,50011.5,5-FEB-2009,
MCDOWELL-N,EQ,545.0,579.0,545.0,567.7,574.0,535.6,3005986,1702904549.05,5-FEB-2009,
MCLEODRUSS,EQ,47.75,47.75,45.05,45.55,45.7,46.8,49917,2303782.05,5-FEB-2009,
MEDIA,EQ,13.0,13.8,13.0,13.65,13.8,13.6,8469,114252.5,5-FEB-2009,
MEGASOFT,EQ,13.25,14.5,13.25,14.45,14.5,13.85,7349,104853.5,5-FEB-2009,
MEGH,EQ,7.0,7.45,7.0,7.35,7.35,7.3,75098,556535.2,5-FEB-2009,
MELSTAR,EQ,8.1,8.6,8.1,8.6,8.6,8.2,300,2480.0,5-FEB-2009,
MERCK,EQ,314.4,314.4,307.0,307.4,307.1,314.65,151,46423.2,5-FEB-2009,
MIC,EQ,23.5,24.9,22.3,23.65,23.65,23.25,1670743,39591659.5,5-FEB-2009,
MICRO,EQ,98.15,99.8,95.55,97.45,96.9,96.1,6814,663933.5,5-FEB-2009,
MICROTECH,EQ,69.9,70.0,66.8,69.25,69.9,68.65,6343,435057.45,5-FEB-2009,
MID-DAY,EQ,13.0,15.15,13.0,14.05,13.8,12.6,560358,8126371.35,5-FEB-2009,
MINDAIND,EQ,96.0,96.0,86.5,86.5,86.5,94.5,100,9125.0,5-FEB-2009,
MINDTREE,EQ,205.05,208.0,204.0,205.1,205.0,205.25,6085,1251318.25,5-FEB-2009,
MIRCELECTR,EQ,9.0,9.05,8.75,8.9,8.95,9.0,28060,251008.9,5-FEB-2009,
MIRZAINT,BE,10.05,10.05,9.35,9.4,9.45,9.75,6293,60360.6,5-FEB-2009,
MLL,EQ,26.0,34.15,26.0,31.2,30.65,25.3,45711878,1444543674.65,5-FEB-2009,
MMFL,EQ,37.55,37.55,33.5,33.55,33.5,34.1,915,30898.25,5-FEB-2009,
MONNETISPA,EQ,144.0,144.0,130.05,137.9,141.85,142.35,25197,3464786.05,5-FEB-2009,
MONSANTO,EQ,1265.5,1282.0,1251.2,1265.15,1260.0,1284.9,781,989829.1,5-FEB-2009,
MORARJETEX,BE,10.35,10.35,10.35,10.35,10.35,10.75,47,486.45,5-FEB-2009,
MOREPENLAB,BE,5.9,5.9,5.5,5.5,5.55,5.75,118662,662896.15,5-FEB-2009,
MOSERBAER,EQ,60.0,61.0,57.1,58.25,58.4,59.25,416108,24134625.9,5-FEB-2009,
MOTHERSUMI,EQ,56.0,57.5,55.0,56.3,55.75,56.1,3257,183191.35,5-FEB-2009,
MOTILALOFS,EQ,58.0,59.5,57.15,57.55,57.8,58.15,2726,158152.45,5-FEB-2009,
MOTOGENFIN,EQ,23.0,24.2,23.0,23.6,23.9,23.4,1487,34987.6,5-FEB-2009,
MPHASIS,EQ,149.0,150.0,146.05,149.95,150.0,149.55,33041,4939739.25,5-FEB-2009,
MRF,EQ,1679.0,1680.0,1601.2,1640.2,1650.0,1631.35,933,1517222.2,5-FEB-2009,
MRO-TEK,EQ,21.6,22.05,21.1,21.3,21.8,21.9,6461,139962.2,5-FEB-2009,
MRPL,EQ,37.5,37.75,37.0,37.55,37.6,37.1,221896,8298593.5,5-FEB-2009,
MSKPROJ,EQ,38.5,38.5,38.45,38.5,38.5,38.2,3500,134740.0,5-FEB-2009,
MSPL,EQ,16.0,17.75,15.7,17.65,17.75,16.1,30547,533216.9,5-FEB-2009,
MTNL,EQ,69.05,69.6,67.8,68.4,68.0,68.35,412745,28394398.9,5-FEB-2009,
MUDRA,EQ,12.05,13.3,12.05,12.7,12.8,12.9,13683,173007.4,5-FEB-2009,
MUKANDENGG,EQ,10.85,10.85,10.35,10.5,10.5,10.7,4300,46009.6,5-FEB-2009,
MUKANDLTD,EQ,19.3,21.6,19.3,19.8,19.6,19.65,5449,112449.9,5-FEB-2009,
MUKTAARTS,EQ,41.0,43.95,41.0,41.85,42.0,42.4,2104,88057.45,5-FEB-2009,
MUNDRAPORT,EQ,372.0,372.0,363.1,367.9,369.2,368.55,200590,73954616.05,5-FEB-2009,
MUNJALAU,EQ,35.45,35.45,32.1,33.55,33.95,31.9,665,21845.05,5-FEB-2009,
MUNJALSHOW,EQ,23.0,23.0,22.25,22.3,22.3,22.25,275,6156.25,5-FEB-2009,
MURLIIND,EQ,99.85,99.85,87.0,87.1,87.1,92.5,45,4186.0,5-FEB-2009,
MURUDCERA,EQ,18.6,18.6,16.65,17.7,18.0,17.8,5054,88677.1,5-FEB-2009,
MVL,EQ,45.65,46.7,45.5,46.25,46.3,45.65,3683,169569.55,5-FEB-2009,
MYSORECEM,EQ,14.5,14.5,14.05,14.2,14.2,14.2,65409,930743.1,5-FEB-2009,
NAGARCONST,EQ,48.0,48.45,44.2,44.95,45.1,47.45,737125,33391406.5,5-FEB-2009,
NAGARFERT,EQ,16.8,16.95,16.05,16.35,16.45,16.6,4126911,68050526.75,5-FEB-2009,
NAGREEKEXP,EQ,10.0,10.7,10.0,10.65,10.7,10.35,1020,10618.4,5-FEB-2009,
NAHARCAP,EQ,20.5,21.0,20.5,21.0,21.0,20.5,3558,73521.9,5-FEB-2009,
NAHARINDUS,EQ,20.65,20.7,20.5,20.5,20.5,21.1,516,10587.05,5-FEB-2009,
NAHARINVST,EQ,9.0,9.0,9.0,9.0,9.0,9.2,308,2772.0,5-FEB-2009,
NAHARSPING,EQ,20.55,21.2,20.55,20.75,21.2,21.05,2320,48055.7,5-FEB-2009,
NANDAN,EQ,1.0,1.1,1.0,1.05,1.1,1.05,141369,146248.4,5-FEB-2009,
NATCOPHARM,EQ,47.25,48.5,46.55,46.8,46.95,48.6,4266,201904.8,5-FEB-2009,
NATIONALUM,EQ,192.25,192.7,188.75,191.15,191.3,189.05,129471,24721041.1,5-FEB-2009,
NATNLSTEEL,EQ,8.75,9.0,8.5,8.85,8.9,8.65,15476,137302.8,5-FEB-2009,
NAUKRI,EQ,415.0,423.7,411.0,414.45,412.25,412.25,350,145042.25,5-FEB-2009,
NAVINFLUOR,EQ,104.5,107.9,104.15,107.7,107.9,107.2,1615,171331.0,5-FEB-2009,
NAVNETPUBL,EQ,41.0,41.45,40.55,40.9,40.7,41.05,1856,75928.2,5-FEB-2009,
NBVENTURES,EQ,112.0,112.0,107.3,109.95,109.8,111.7,54720,6010803.05,5-FEB-2009,
NCLIND,EQ,22.55,22.8,22.05,22.3,22.25,22.5,5328,118835.55,5-FEB-2009,
NDTV,EQ,82.0,84.8,80.35,81.35,81.6,82.45,163973,13525244.65,5-FEB-2009,
NECLIFE,EQ,12.5,13.7,12.5,13.25,13.05,13.4,13219,175736.5,5-FEB-2009,
NELCAST,EQ,24.15,26.0,24.0,24.65,24.15,25.05,3400,83520.0,5-FEB-2009,
NELCO,BE,25.5,26.4,24.5,26.05,26.0,25.5,8170,208582.75,5-FEB-2009,
NEOCURE,EQ,7.4,7.4,6.2,6.2,6.2,6.85,1362,8705.45,5-FEB-2009,
NEPCMICON,EQ,5.0,5.0,4.8,4.85,4.8,5.0,6526,32050.3,5-FEB-2009,
NESCO,EQ,397.5,428.0,391.5,420.95,417.15,413.3,275,111915.45,5-FEB-2009,
NETWORK18,EQ,87.0,88.65,82.0,83.75,84.0,87.95,18905,1599579.85,5-FEB-2009,
NEULANDLAB,EQ,98.0,98.5,87.0,95.5,95.5,91.0,445,41022.5,5-FEB-2009,
NEYVELILIG,EQ,78.3,78.95,76.75,77.5,77.35,77.45,606006,47101504.55,5-FEB-2009,
NFL,EQ,24.8,25.95,24.75,25.35,25.7,25.6,9390,238287.95,5-FEB-2009,
NICCO,EQ,4.25,4.35,4.15,4.2,4.15,4.35,61651,267204.75,5-FEB-2009,
NIFTYBEES,EQ,283.0,285.0,278.2,280.2,280.2,281.03,42075,11801081.37,5-FEB-2009,
NIITLTD,EQ,21.0,21.0,19.9,20.0,19.9,20.95,871027,17571409.0,5-FEB-2009,
NIITTECH,EQ,53.95,54.7,53.5,54.0,54.1,53.95,65977,3560369.45,5-FEB-2009,
NIPPOBATRY,EQ,310.0,310.0,310.0,310.0,310.0,311.0,1,310.0,5-FEB-2009,
NIRMA,EQ,97.0,97.0,95.0,95.05,95.0,95.8,1159,110733.65,5-FEB-2009,
NISSAN,BE,12.9,13.5,12.55,13.5,13.5,12.85,427,5589.35,5-FEB-2009,
NITCO,EQ,29.8,31.0,28.5,28.8,28.75,30.25,163922,4945347.5,5-FEB-2009,
NITINFIRE,EQ,150.3,155.95,150.3,153.6,153.0,154.0,2808,430333.05,5-FEB-2009,
NITINSPIN,EQ,4.0,4.1,3.9,3.95,3.9,4.05,4910,19459.7,5-FEB-2009,
NMDC,EQ,161.5,167.0,158.5,159.95,159.6,165.1,21685,3537792.0,5-FEB-2009,
NOCIL,EQ,12.05,12.7,11.8,11.9,11.8,11.85,710850,8681868.3,5-FEB-2009,
NOIDATOLL,EQ,22.6,23.3,22.5,22.7,22.75,22.5,983250,22398004.25,5-FEB-2009,
NORBTEAEXP,EQ,8.25,8.25,8.25,8.25,8.25,8.65,1202,9916.5,5-FEB-2009,
NORTHGATE,EQ,38.0,40.3,37.1,37.55,37.5,38.85,4047,153786.2,5-FEB-2009,
NOVAPETRO,EQ,8.4,8.4,8.05,8.15,8.05,8.1,1382,11477.6,5-FEB-2009,
NOVOPANIND,EQ,15.45,15.45,13.55,13.85,13.6,14.9,631,9339.6,5-FEB-2009,
NRBBEARING,EQ,36.65,37.25,35.1,35.8,35.1,37.3,342,12426.2,5-FEB-2009,
NRC,BE,4.7,4.7,4.45,4.5,4.5,4.6,3692,16631.05,5-FEB-2009,
NSIL,EQ,465.0,465.0,465.0,465.0,465.0,462.85,35,16275.0,5-FEB-2009,
NTPC,EQ,177.0,177.7,174.5,176.85,176.95,176.85,2568606,452384347.45,5-FEB-2009,
NUCHEM,EQ,4.75,4.75,4.3,4.5,4.5,4.45,3859,17477.95,5-FEB-2009,
NUCLEUS,EQ,48.1,49.0,47.0,48.0,48.0,48.25,11886,574289.0,5-FEB-2009,
NUMERICPW,EQ,212.85,212.85,195.0,199.45,199.9,208.85,917,182112.6,5-FEB-2009,
NUTEK,EQ,27.0,28.75,27.0,28.4,28.5,27.85,10092,284153.75,5-FEB-2009,
OCL,EQ,48.45,49.0,47.0,48.0,48.0,48.85,2951,141219.05,5-FEB-2009,
OCTAV,EQ,11.35,12.3,11.35,12.3,12.3,11.7,6808,81028.2,5-FEB-2009,
OFSS,EQ,645.5,648.0,605.15,620.1,621.0,634.7,83918,52651661.85,5-FEB-2009,
OILCOUNTUB,EQ,35.05,38.7,35.05,37.4,37.7,38.35,1127,41867.8,5-FEB-2009,
OISL,EQ,3.7,3.9,3.6,3.6,3.6,3.7,10652,39692.4,5-FEB-2009,
OMAXAUTO,EQ,16.0,16.75,16.0,16.45,16.5,16.5,16041,267008.8,5-FEB-2009,
OMAXE,EQ,47.0,48.3,46.0,47.3,46.95,47.55,75904,3569901.85,5-FEB-2009,
OMNITECH,EQ,44.0,46.0,44.0,45.0,45.0,46.1,2180,96522.65,5-FEB-2009,
ONGC,EQ,678.9,678.9,655.6,663.6,668.9,665.5,1191990,789888040.6,5-FEB-2009,
ONMOBILE,EQ,230.0,238.0,230.0,234.35,234.0,229.55,12762,2982591.7,5-FEB-2009,
ONWARDTEC,EQ,11.0,11.0,10.35,10.7,10.5,10.4,132,1432.35,5-FEB-2009,
OPTOCIRCUI,EQ,85.9,87.75,84.05,85.15,85.35,85.25,182690,15697569.85,5-FEB-2009,
ORBITCORP,EQ,39.95,40.95,39.25,39.9,40.15,39.85,131380,5259706.75,5-FEB-2009,
ORCHIDCHEM,EQ,68.9,69.75,66.5,68.3,68.0,68.5,144090,9794960.55,5-FEB-2009,
ORGINFO,EQ,8.0,8.45,7.7,7.7,7.7,8.1,2925,23357.65,5-FEB-2009,
ORIENTABRA,EQ,15.0,15.8,15.0,15.4,15.75,15.5,13438,207368.4,5-FEB-2009,
ORIENTBANK,EQ,133.0,133.95,128.5,129.35,129.5,132.5,354263,46082602.3,5-FEB-2009,
ORIENTHOT,EQ,164.0,164.0,164.0,164.0,164.0,165.9,25,4100.0,5-FEB-2009,
ORIENTPPR,EQ,22.85,23.0,21.15,21.35,21.75,22.6,55886,1228621.1,5-FEB-2009,
OTL,EQ,5.6,6.35,5.5,6.15,6.15,6.0,2042,11726.8,5-FEB-2009,
OUDHSUG,BE,35.8,35.8,33.75,33.8,33.8,35.0,1008,34470.25,5-FEB-2009,
PAEL,EQ,13.5,13.5,12.55,12.75,12.55,13.5,365,4710.75,5-FEB-2009,
PAGEIND,EQ,320.0,320.0,317.0,318.0,320.0,324.45,115,36740.0,5-FEB-2009,
PANACEABIO,EQ,58.0,59.7,55.0,56.35,56.2,57.8,13383,749100.15,5-FEB-2009,
PANORAMUNI,EQ,203.0,209.5,202.0,202.6,202.0,211.05,27,5544.0,5-FEB-2009,
PANTALOONR,EQ,154.0,157.75,145.1,148.3,147.2,154.0,56356,8375301.55,5-FEB-2009,
PAPERPROD,EQ,30.15,31.0,30.15,30.95,31.0,30.9,1446,44167.35,5-FEB-2009,
PARACABLES,EQ,7.2,7.7,7.2,7.3,7.4,7.45,35884,267644.15,5-FEB-2009,
PARAL,EQ,51.9,51.9,50.2,51.0,50.6,51.55,1644,83990.8,5-FEB-2009,
PAREKHPLAT,BE,3.25,3.25,3.15,3.15,3.15,3.3,150,482.5,5-FEB-2009,
PARSVNATH,EQ,37.55,37.55,36.0,36.55,36.5,36.8,83656,3062942.05,5-FEB-2009,
PATELENG,EQ,146.0,154.0,145.25,152.3,153.0,147.65,18181,2724987.1,5-FEB-2009,
PATINTLOG,EQ,17.0,18.0,17.0,18.0,18.0,17.6,600,10300.0,5-FEB-2009,
PATNI,EQ,119.9,119.9,115.2,116.7,116.6,117.45,23237,2725400.5,5-FEB-2009,
PATSPINLTD,EQ,5.2,5.2,5.1,5.1,5.1,5.3,410,2126.9,5-FEB-2009,
PBAINFRA,EQ,26.3,26.3,24.6,25.4,25.5,25.15,2618,66743.2,5-FEB-2009,
PDUMJEPULP,EQ,36.9,36.9,34.1,34.1,34.1,36.95,210,7441.5,5-FEB-2009,
PEARLGLOBL,BE,48.0,48.0,48.0,48.0,48.0,47.6,8,384.0,5-FEB-2009,
PENINLAND,EQ,21.25,22.0,21.0,21.3,21.7,22.1,24526,525985.6,5-FEB-2009,
PETRONENGG,EQ,65.0,65.4,65.0,65.4,65.4,68.0,58,3790.15,5-FEB-2009,
PETRONET,EQ,36.35,36.6,35.05,35.15,35.2,36.1,727318,25850386.15,5-FEB-2009,
PFC,EQ,135.0,138.1,133.6,134.45,134.8,135.4,232832,31614965.1,5-FEB-2009,
PFIZER,EQ,515.0,527.0,501.2,519.7,525.0,517.35,2845,1465137.8,5-FEB-2009,
PFOCUS,EQ,105.0,105.0,95.05,96.4,95.6,99.4,9098,890531.65,5-FEB-2009,
PGHH,EQ,745.0,745.0,725.0,739.3,739.3,743.5,84,61622.2,5-FEB-2009,
PHILIPCARB,EQ,33.0,33.25,30.35,31.25,31.3,32.9,13479,433218.6,5-FEB-2009,
PHOENIXLMP,EQ,55.7,55.75,55.0,55.75,55.75,53.75,33,1838.2,5-FEB-2009,
PHOENIXLTD,EQ,64.0,64.3,62.5,63.05,63.0,64.4,2934,186105.05,5-FEB-2009,
PIDILITIND,EQ,95.45,97.3,95.2,96.35,96.2,97.7,4443,426829.5,5-FEB-2009,
PIONEEREMB,EQ,12.0,12.15,11.7,11.8,11.75,11.8,7769,92294.65,5-FEB-2009,
PIRGLASS,EQ,42.85,42.85,38.1,38.1,38.1,36.45,64,2628.9,5-FEB-2009,
PIRHEALTH,EQ,206.5,206.55,201.1,203.2,201.1,207.9,15760,3218951.95,5-FEB-2009,
PIRLIFE,EQ,31.8,33.0,30.35,32.45,32.85,32.1,2998,95798.65,5-FEB-2009,
PITTILAM,EQ,24.0,27.9,23.5,24.1,23.9,24.8,4991,121557.8,5-FEB-2009,
PLASTIBLEN,EQ,96.85,96.85,96.85,96.85,96.85,90.6,120,11622.0,5-FEB-2009,
PLETHICO,EQ,100.0,101.0,100.0,101.0,101.0,101.9,51,5150.0,5-FEB-2009,
PNB,EQ,400.0,402.8,391.3,396.65,398.0,400.95,554350,219749025.1,5-FEB-2009,
PNBGILTS,EQ,21.55,22.9,21.4,22.25,22.4,21.8,78419,1745211.55,5-FEB-2009,
PNC,EQ,15.2,16.0,15.2,15.45,15.45,15.95,13046,207086.7,5-FEB-2009,
POCHIRAJU,EQ,8.9,8.95,8.2,8.45,8.4,8.35,12825,108827.85,5-FEB-2009,
POLARIND,EQ,3.8,3.95,3.8,3.9,3.9,3.75,195,751.75,5-FEB-2009,
POLARIS,EQ,51.0,53.5,48.5,49.2,49.1,51.25,5248107,267221931.8,5-FEB-2009,
POLYPLEX,EQ,121.0,121.0,112.2,115.25,116.0,121.25,4109,474336.95,5-FEB-2009,
PONNIERODE,EQ,28.5,28.6,28.0,28.05,28.0,29.45,758,21537.0,5-FEB-2009,
POWERGRID,EQ,85.0,87.5,84.4,85.25,85.3,85.75,2037744,173169559.2,5-FEB-2009,
PPAP,EQ,29.0,30.7,28.55,30.0,29.85,29.9,10212,295076.15,5-FEB-2009,
PRAENG,EQ,16.0,16.25,15.75,15.95,16.1,15.95,23971,383001.9,5-FEB-2009,
PRAJIND,EQ,52.1,54.8,52.1,53.75,54.0,52.2,908107,48691639.8,5-FEB-2009,
PRAKASH,EQ,38.6,39.5,37.55,37.95,37.7,38.9,7691,293721.8,5-FEB-2009,
PRATIBHA,EQ,62.1,65.45,61.0,61.95,61.0,63.45,4115,255305.4,5-FEB-2009,
PRECOT,EQ,37.0,39.0,35.15,36.5,36.5,36.0,596,22053.6,5-FEB-2009,
PRECWIRE,EQ,29.15,29.15,27.05,28.45,27.05,29.85,1433,40791.8,5-FEB-2009,
PREMIER,EQ,32.5,33.8,32.5,33.0,33.0,31.85,2281,75353.0,5-FEB-2009,
PRICOL,EQ,7.55,8.0,7.1,7.85,7.85,7.6,7458,56199.9,5-FEB-2009,
PRIMESECU,EQ,10.2,12.0,10.2,12.0,12.0,10.9,15377,180812.8,5-FEB-2009,
PRISMCEM,EQ,18.4,18.65,17.55,17.7,17.7,18.2,201072,3607488.85,5-FEB-2009,
PRITHVI,EQ,37.5,38.0,36.0,37.25,37.15,37.95,9450,353243.2,5-FEB-2009,
PROVOGUE,EQ,38.15,39.5,37.05,38.8,39.0,38.45,4471,174447.25,5-FEB-2009,
PSL,EQ,70.3,70.8,68.75,69.3,69.1,71.5,14487,1010734.7,5-FEB-2009,
PSTL,EQ,21.15,22.95,21.15,21.5,21.5,22.25,468572,10089432.7,5-FEB-2009,
PSUBNKBEES,EQ,169.0,169.0,167.0,167.23,167.0,167.3,39,6554.0,5-FEB-2009,
PTC,EQ,62.9,63.0,59.7,61.4,61.55,62.5,263278,15986709.95,5-FEB-2009,
PTL,EQ,11.55,11.55,10.55,11.4,11.5,11.0,9809,110977.65,5-FEB-2009,
PUNJABCHEM,EQ,118.0,118.75,112.0,114.25,114.95,117.25,13772,1575324.9,5-FEB-2009,
PUNJABTRAC,EQ,91.0,91.0,87.5,87.6,87.5,91.3,3969,353282.55,5-FEB-2009,
PUNJLLOYD,EQ,88.5,88.5,84.1,85.1,85.0,87.1,3689494,315401235.5,5-FEB-2009,
PURVA,EQ,36.25,37.0,35.05,36.05,36.25,36.35,9438,340231.05,5-FEB-2009,
PVP,EQ,10.0,10.25,9.75,10.0,9.9,9.95,623628,6238352.7,5-FEB-2009,
PVR,EQ,86.95,89.7,85.1,88.05,88.0,86.85,9236,808022.65,5-FEB-2009,
QGOLDHALF,EQ,694.0,699.54,690.0,690.06,692.69,693.61,799,551923.67,5-FEB-2009,
QNIFTY,EQ,279.0,279.0,276.15,278.0,278.0,283.6,1101,306219.4,5-FEB-2009,
QUINTEGRA,EQ,7.35,7.45,6.9,7.15,7.0,7.15,26151,186659.2,5-FEB-2009,
RADAAN,EQ,2.45,2.8,2.45,2.65,2.75,2.8,5351,14068.85,5-FEB-2009,
RADICO,EQ,68.6,69.95,55.5,64.1,55.9,69.25,308643,20050457.35,5-FEB-2009,
RAINCOM,EQ,62.0,64.95,60.55,61.55,62.0,63.0,27200,1715706.4,5-FEB-2009,
RAJESHEXPO,EQ,24.0,25.65,23.7,24.0,24.0,23.95,735275,17939340.55,5-FEB-2009,
RAJRAYON,EQ,6.15,6.4,5.75,5.9,5.9,6.3,3367,20782.0,5-FEB-2009,
RAJSREESUG,EQ,41.0,45.9,41.0,44.45,45.0,41.35,22811,990190.4,5-FEB-2009,
RAJTV,EQ,38.55,39.1,37.3,37.6,37.9,39.15,12364,472391.45,5-FEB-2009,
RALLIS,EQ,358.0,372.9,354.1,361.8,361.6,367.2,1852,671622.55,5-FEB-2009,
RAMANEWS,EQ,12.5,13.3,12.3,12.5,12.4,12.75,4351,54817.05,5-FEB-2009,
RAMCOIND,EQ,376.0,384.9,372.0,372.85,372.0,372.25,146,54611.0,5-FEB-2009,
RAMCOSYS,EQ,47.05,48.0,46.5,46.55,46.85,49.5,1226,58087.05,5-FEB-2009,
RAMSARUP,EQ,26.0,26.0,24.25,24.85,25.0,25.25,7094,176412.95,5-FEB-2009,
RANASUG,EQ,8.05,8.1,7.9,7.95,8.0,8.05,62738,501583.45,5-FEB-2009,
RANBAXY,EQ,207.0,211.0,202.2,208.95,210.0,206.5,745014,154513652.0,5-FEB-2009,
RANEHOLDIN,EQ,52.5,53.75,52.1,52.6,52.6,52.25,6150,326128.25,5-FEB-2009,
RATNAMANI,EQ,38.0,41.5,37.5,40.7,40.7,40.15,5743,220904.55,5-FEB-2009,
RAYMOND,EQ,88.0,89.9,85.65,88.25,87.7,87.5,43428,3834428.95,5-FEB-2009,
RBL,EQ,38.0,38.0,36.25,37.15,37.9,37.9,278,10295.1,5-FEB-2009,
RCF,EQ,32.5,32.95,31.25,31.55,31.4,32.45,103945,3329045.0,5-FEB-2009,
RCOM,EQ,164.95,165.0,158.25,159.8,160.35,162.95,6926639,1114540372.3,5-FEB-2009,
RECLTD,EQ,88.0,88.0,83.05,83.9,83.6,86.85,184046,15536180.45,5-FEB-2009,
REDINGTON,EQ,104.0,107.25,102.25,103.4,103.0,103.85,1944,203623.0,5-FEB-2009,
REGENCERAM,EQ,5.75,6.3,5.7,5.7,5.7,6.1,235,1403.5,5-FEB-2009,
REIAGROLTD,EQ,58.75,65.8,53.0,62.1,62.05,556.3,703927,43475309.4,5-FEB-2009,
RELBANK,EQ,438.95,440.0,425.0,425.0,425.0,427.05,76,33068.2,5-FEB-2009,
RELCAPITAL,EQ,375.2,378.3,363.1,367.5,367.7,372.55,4933451,1820635901.5,5-FEB-2009,
RELGOLD,EQ,1343.0,1363.0,1343.0,1360.84,1362.0,1343.59,4282,5804880.7,5-FEB-2009,
RELIANCE,EQ,1329.0,1329.0,1271.15,1288.8,1290.35,1307.5,4106585,5289165498.75,5-FEB-2009,
RELIGARE,EQ,321.15,322.65,321.0,321.05,321.0,323.0,3760,1207354.9,5-FEB-2009,
RELINFRA,EQ,522.35,530.0,507.3,519.85,521.4,520.15,4789797,2479558764.45,5-FEB-2009,
RENUKA,EQ,76.9,76.9,74.25,75.1,75.55,76.05,2886727,217529781.85,5-FEB-2009,
REPRO,EQ,60.0,62.4,60.0,61.6,61.6,62.4,79,4880.0,5-FEB-2009,
RESURGERE,EQ,52.0,54.8,51.9,52.0,51.9,54.6,17826,937518.65,5-FEB-2009,
REVATHI,EQ,421.0,443.0,420.0,425.0,425.0,436.0,1599,679160.0,5-FEB-2009,
RICOAUTO,EQ,9.0,9.25,8.9,9.05,9.1,9.05,634477,5742636.4,5-FEB-2009,
RIIL,EQ,309.0,325.8,305.25,309.7,307.7,308.85,109398,34584933.5,5-FEB-2009,
RJL,EQ,19.0,21.35,19.0,20.6,21.35,20.1,4487,90749.7,5-FEB-2009,
RKFORGE,EQ,25.4,25.4,23.65,24.5,24.5,24.85,1371,33502.5,5-FEB-2009,
RMCL,EQ,12.0,12.2,11.75,11.85,11.85,11.75,1774,21236.3,5-FEB-2009,
RML,EQ,26.5,27.95,26.5,27.0,27.0,26.7,67,1823.1,5-FEB-2009,
RNRL,EQ,46.25,46.5,44.6,45.5,45.7,45.9,12512609,570954283.35,5-FEB-2009,
ROHITFERRO,EQ,16.55,17.0,16.35,16.35,16.35,17.2,121434,1992750.5,5-FEB-2009,
ROHLTD,EQ,39.9,40.6,39.8,40.25,40.0,40.3,4985,199976.25,5-FEB-2009,
ROLTA,EQ,89.0,92.8,85.2,91.3,91.6,89.3,2495312,224479316.4,5-FEB-2009,
ROMAN,EQ,21.5,22.5,19.15,20.4,20.6,21.15,7479,156992.8,5-FEB-2009,
RPGCABLES,BE,11.6,11.6,11.4,11.5,11.5,11.55,30850,356375.5,5-FEB-2009,
RPGLIFE,EQ,22.25,23.45,22.25,23.05,23.05,23.5,12786,294303.55,5-FEB-2009,
RPL,EQ,82.75,84.9,82.5,84.3,84.45,82.6,7058071,589776872.35,5-FEB-2009,
RPOWER,EQ,101.0,101.5,98.9,99.7,99.5,100.45,1411141,140573487.0,5-FEB-2009,
RSSOFTWARE,EQ,12.0,12.8,11.65,11.85,11.65,12.65,5395,65016.7,5-FEB-2009,
RSWM,EQ,26.3,27.15,26.2,26.55,26.55,27.6,1252,33161.2,5-FEB-2009,
RSYSTEMS,EQ,47.95,47.95,45.15,46.15,45.4,47.2,6417,298213.45,5-FEB-2009,
RUCHINFRA,BE,9.7,10.0,9.5,9.7,9.7,10.0,2655,25745.4,5-FEB-2009,
RUCHIRA,EQ,5.8,5.9,5.5,5.85,5.85,5.8,2452,14301.4,5-FEB-2009,
RUCHISOYA,EQ,22.5,22.6,21.5,22.0,22.5,22.5,88808,1954560.9,5-FEB-2009,
SABERORGAN,EQ,13.5,14.1,13.2,13.3,13.2,13.4,9629,131623.15,5-FEB-2009,
SABTN,EQ,12.7,12.8,12.05,12.15,12.15,12.25,591,7367.3,5-FEB-2009,
SADBHAV,EQ,350.05,350.05,341.0,341.0,341.0,349.95,16,5537.05,5-FEB-2009,
SAGCEM,EQ,113.0,124.2,113.0,123.95,124.2,118.25,1395,167805.1,5-FEB-2009,
SAHPETRO,BE,14.85,14.85,14.85,14.85,14.85,15.6,1769,26269.65,5-FEB-2009,
SAIL,EQ,80.0,83.95,79.75,82.1,82.9,79.2,13707382,1131706229.85,5-FEB-2009,
SAKHTISUG,EQ,31.05,31.05,31.05,31.05,31.05,32.65,34597,1074236.85,5-FEB-2009,
SAKUMA,EQ,5.8,6.45,5.8,6.25,6.45,6.4,500,3090.0,5-FEB-2009,
SALORAINTL,EQ,39.0,39.95,38.35,39.95,39.95,40.55,295,11378.2,5-FEB-2009,
SALSTEEL,EQ,6.45,6.5,6.1,6.2,6.3,6.35,19178,121100.4,5-FEB-2009,
SAMBHAAV,EQ,1.95,1.95,1.95,1.95,1.95,1.85,1,1.95,5-FEB-2009,
SAMTEL,EQ,4.9,5.1,4.85,5.1,5.1,5.05,6567,33034.0,5-FEB-2009,
SANDESH,EQ,125.05,125.05,125.05,125.05,125.05,130.55,25,3126.25,5-FEB-2009,
SANGAMIND,EQ,9.75,10.4,9.75,10.25,10.1,10.35,957,9786.55,5-FEB-2009,
SANGHIIND,EQ,21.0,21.0,20.05,21.0,21.0,21.9,2241,47006.05,5-FEB-2009,
SANGHIPOLY,EQ,2.15,2.3,2.05,2.1,2.05,2.1,11276,24138.05,5-FEB-2009,
SANGHVIMOV,EQ,67.0,72.65,63.4,64.5,63.4,67.2,101883,7009355.05,5-FEB-2009,
SANWARIA,EQ,20.0,22.1,19.75,20.4,20.0,20.0,4638,97522.75,5-FEB-2009,
SAPL,EQ,7.45,7.45,7.2,7.35,7.45,7.3,11166,81899.95,5-FEB-2009,
SAREGAMA,EQ,51.0,52.5,50.0,51.0,51.0,52.3,1489,75912.7,5-FEB-2009,
SASKEN,EQ,47.55,50.8,46.0,48.55,48.5,47.2,153187,7354610.85,5-FEB-2009,
SATHAISPAT,EQ,19.2,19.2,17.15,17.75,17.75,17.85,5673,100510.6,5-FEB-2009,
SATYAMCOMP,EQ,50.85,51.5,45.3,46.45,46.3,50.1,37477346,1746939827.75,5-FEB-2009,
SAVITACHEM,EQ,126.0,129.2,125.2,126.4,128.3,129.4,619,78585.6,5-FEB-2009,
SB&TINTL,EQ,6.15,6.85,6.1,6.35,6.5,6.4,5698,36625.7,5-FEB-2009,
SBIN,EQ,1102.5,1109.7,1082.0,1094.75,1095.1,1096.8,1652160,1802948379.25,5-FEB-2009,
SCI,EQ,83.65,90.0,82.05,83.15,83.2,82.9,2004171,171695020.85,5-FEB-2009,
SEAMECLTD,EQ,39.95,42.5,38.65,39.45,39.4,39.5,16281,654159.15,5-FEB-2009,
SEJALGLASS,EQ,25.9,26.45,24.15,24.95,24.3,25.35,13753,350683.3,5-FEB-2009,
SELAN,EQ,120.0,127.0,120.0,124.35,126.9,122.05,4929,610086.05,5-FEB-2009,
SELMCL,EQ,48.4,50.75,48.4,50.0,50.0,50.25,19467,973097.9,5-FEB-2009,
SESAGOA,EQ,86.95,93.45,86.0,91.05,92.6,86.6,7670917,698032114.05,5-FEB-2009,
SGFL,EQ,9.4,9.4,8.2,9.4,9.4,9.65,215,1799.0,5-FEB-2009,
SGL,EQ,5.55,6.0,5.55,5.95,6.0,5.9,2712,15986.8,5-FEB-2009,
SHALPAINTS,EQ,167.0,167.0,167.0,167.0,167.0,167.0,27,4509.0,5-FEB-2009,
SHANTIGEAR,EQ,28.8,30.0,28.25,29.5,30.0,29.25,5073,148064.25,5-FEB-2009,
SHARRESLTD,EQ,53.0,53.0,50.0,52.3,52.45,50.85,1700,87775.0,5-FEB-2009,
SHASUNCHEM,BE,12.45,12.45,12.0,12.3,12.45,12.15,17624,214323.75,5-FEB-2009,
SHIV-VANI,EQ,106.0,107.0,99.0,103.05,102.9,106.8,35634,3666262.5,5-FEB-2009,
SHIVAMAUTO,EQ,35.25,35.25,35.25,35.25,35.25,35.9,50,1762.5,5-FEB-2009,
SHIVTEX,EQ,13.0,13.0,13.0,13.0,13.0,13.65,200,2600.0,5-FEB-2009,
SHLAKSHMI,EQ,34.25,34.3,31.2,33.75,33.0,32.65,48445,1624917.7,5-FEB-2009,
SHOPERSTOP,EQ,83.0,86.0,78.2,81.55,82.0,86.0,52355,4297138.4,5-FEB-2009,
SHREEASHTA,EQ,505.0,505.0,497.05,500.0,500.0,500.0,8653,4313361.45,5-FEB-2009,
SHREECEM,EQ,527.0,527.0,501.1,513.4,510.0,519.45,4306,2194577.6,5-FEB-2009,
SHREERAMA,BE,3.1,3.1,3.1,3.1,3.1,3.2,3902,12096.2,5-FEB-2009,
SHRENUJ,EQ,17.1,18.5,17.1,18.5,18.5,18.05,4,70.0,5-FEB-2009,
SHREYANIND,BE,18.9,18.9,18.85,18.85,18.85,19.25,200,3772.5,5-FEB-2009,
SHREYAS,EQ,23.5,25.2,23.0,23.75,23.5,22.85,13876,333627.1,5-FEB-2009,
SHRIRAMCIT,EQ,337.0,339.9,330.0,337.05,339.9,337.05,1257,423051.15,5-FEB-2009,
SHRIRAMEPC,EQ,93.0,93.0,88.0,92.1,92.0,92.65,2478,227876.0,5-FEB-2009,
SHYAMTEL,EQ,42.2,48.0,42.2,43.3,42.95,44.7,8906,392454.15,5-FEB-2009,
SICAGEN,EQ,4.0,4.1,3.9,3.95,4.0,4.0,25202,100427.45,5-FEB-2009,
SICAL,BE,24.75,24.75,23.0,23.0,23.0,24.2,3091,72108.2,5-FEB-2009,
SIEMENS,EQ,198.8,205.8,195.4,204.15,203.9,198.7,520327,104843296.85,5-FEB-2009,
SIGROUPIND,EQ,32.3,32.45,32.0,32.0,32.0,32.65,6800,219045.0,5-FEB-2009,
SIL,EQ,11.15,11.15,9.55,9.9,9.8,10.55,5507,54474.6,5-FEB-2009,
SIMBHSUGAR,BE,19.5,20.0,19.5,19.5,19.5,20.0,1900,37118.5,5-FEB-2009,
SIMPLEX,EQ,45.0,46.9,45.0,45.0,45.0,45.0,490,22302.3,5-FEB-2009,
SIMPLEXINF,EQ,135.0,135.3,130.05,134.4,130.1,135.85,14623,1966205.6,5-FEB-2009,
SINTEX,EQ,126.6,126.6,113.15,115.7,114.6,125.8,602960,71124243.8,5-FEB-2009,
SIRPAPER,EQ,30.0,30.7,29.85,29.95,30.0,30.1,2957,89074.25,5-FEB-2009,
SITASHREE,EQ,5.85,5.95,5.75,5.8,5.85,5.8,20342,119148.75,5-FEB-2009,
SIYSIL,EQ,49.0,57.1,49.0,56.3,56.05,51.0,111,6184.55,5-FEB-2009,
SKFINDIA,EQ,134.0,137.0,133.55,136.75,137.0,137.15,2786,376640.95,5-FEB-2009,
SKMEGGPROD,EQ,14.1,14.55,14.1,14.3,14.25,14.45,2106,30062.6,5-FEB-2009,
SKUMARSYNF,EQ,18.75,20.15,18.1,18.25,18.1,18.6,2376880,44866600.1,5-FEB-2009,
SMSPHARMA,EQ,77.75,77.75,75.0,75.15,75.0,76.9,3406,256361.1,5-FEB-2009,
SOBHA,EQ,83.15,84.35,82.35,83.75,83.0,83.5,29522,2463685.5,5-FEB-2009,
SOFTPRO,EQ,75.05,89.0,68.1,74.35,68.1,77.5,1391,103046.05,5-FEB-2009,
SOFTTECHGR,EQ,5.9,6.0,5.8,5.8,5.8,6.0,1720,10226.5,5-FEB-2009,
SOLAREX,EQ,311.0,311.0,295.0,300.0,300.0,313.9,22785,7024665.3,5-FEB-2009,
SOMANYCERA,EQ,43.0,43.05,43.0,43.0,43.0,42.5,1000,43010.0,5-FEB-2009,
SOMATEX,EQ,16.8,16.8,15.2,15.2,15.2,16.0,4761,75367.9,5-FEB-2009,
SONASTEER,EQ,7.5,7.7,7.4,7.6,7.7,7.55,22500,169396.05,5-FEB-2009,
SONATSOFTW,EQ,16.1,16.65,16.1,16.35,16.5,16.4,20828,341717.0,5-FEB-2009,
SOUTHBANK,EQ,49.1,49.95,48.5,48.9,49.0,49.4,49037,2398786.2,5-FEB-2009,
SPARC,EQ,44.6,45.15,44.15,44.85,45.0,45.0,35151,1568710.45,5-FEB-2009,
SPENTEX,EQ,4.25,4.3,4.1,4.25,4.2,4.25,11970,50779.2,5-FEB-2009,
SPIC,EQ,8.6,9.0,8.5,8.55,8.5,8.7,16305,142031.9,5-FEB-2009,
SPICEMOBIL,EQ,13.65,13.65,13.65,13.65,13.65,13.0,38372,523777.8,5-FEB-2009,
SPICETELE,EQ,80.0,82.0,72.6,77.6,78.3,83.6,13099840,1008671105.1,5-FEB-2009,
SPLIL,EQ,5.15,5.65,5.15,5.25,5.2,5.4,1291,7115.15,5-FEB-2009,
SPSL,EQ,28.3,30.3,28.25,28.4,28.5,29.7,10745,308750.5,5-FEB-2009,
SREINTFIN,EQ,33.8,33.8,31.1,31.25,31.2,32.45,75604,2406764.85,5-FEB-2009,
SRF,EQ,64.15,65.25,62.45,63.5,63.7,64.9,58433,3718236.9,5-FEB-2009,
SRGINFOTEC,BE,0.55,0.55,0.5,0.55,0.55,0.5,26234,14166.15,5-FEB-2009,
SRHHYPOLTD,EQ,18.25,18.5,17.6,17.6,17.6,17.0,6050,111625.0,5-FEB-2009,
SRTRANSFIN,EQ,191.0,191.0,183.5,188.3,188.9,187.9,7360,1373895.3,5-FEB-2009,
SSWL,EQ,38.05,41.9,38.05,40.25,41.9,41.0,33,1306.2,5-FEB-2009,
STAR,EQ,67.15,69.9,66.25,68.1,67.9,66.75,7837,528720.55,5-FEB-2009,
STARPAPER,EQ,16.95,18.5,16.05,17.05,17.0,15.5,4308,75056.55,5-FEB-2009,
STCINDIA,EQ,106.0,108.0,104.15,105.2,105.7,107.5,10936,1159491.95,5-FEB-2009,
STEELTUBES,EQ,1.7,1.8,1.7,1.7,1.7,1.75,801,1376.95,5-FEB-2009,
STER,EQ,277.0,286.0,256.1,263.0,265.0,279.3,4623966,1230149974.05,5-FEB-2009,
STERLINBIO,EQ,153.65,154.5,151.9,152.85,152.95,153.85,553181,84555605.1,5-FEB-2009,
STERTOOLS,EQ,29.1,29.95,29.05,29.75,29.75,29.4,186,5483.4,5-FEB-2009,
STINDIA,EQ,5.8,5.8,5.8,5.8,5.8,5.9,290,1682.0,5-FEB-2009,
STRTECH,EQ,58.7,58.7,56.05,56.4,56.5,58.0,39487,2252826.2,5-FEB-2009,
SUBEX,EQ,26.5,28.75,26.5,26.65,27.0,27.9,53430,1429011.6,5-FEB-2009,
SUBHASPROJ,EQ,46.75,46.8,45.15,46.05,46.8,46.85,151365,6963094.1,5-FEB-2009,
SUBROS,EQ,15.0,15.0,14.35,14.55,14.5,14.8,6266,92103.55,5-FEB-2009,
SUJANATOW,EQ,14.95,16.5,13.75,14.1,14.5,14.4,113374,1741511.3,5-FEB-2009,
SUJANAUNI,EQ,4.0,4.2,4.0,4.0,4.0,4.1,23901,97255.3,5-FEB-2009,
SUMMIT,EQ,5.55,5.95,5.55,5.6,5.7,5.65,5493,31036.65,5-FEB-2009,
SUNCLAYTON,EQ,63.25,64.0,61.05,64.0,64.0,63.4,479,29806.65,5-FEB-2009,
SUNDARMFIN,EQ,171.5,174.5,170.4,171.3,171.3,170.1,158,27109.75,5-FEB-2009,
SUNDRMBRAK,EQ,112.0,115.0,105.0,106.55,108.4,109.95,631,67579.45,5-FEB-2009,
SUNDRMFAST,EQ,15.6,15.6,14.75,15.0,15.0,15.45,26217,393378.75,5-FEB-2009,
SUNFLAG,EQ,9.7,10.3,9.7,9.85,9.8,9.9,131892,1327625.7,5-FEB-2009,
SUNILHITEC,EQ,66.5,70.0,65.5,66.65,67.0,69.25,10212,682210.75,5-FEB-2009,
SUNPHARMA,EQ,1047.0,1054.9,1040.0,1048.95,1054.9,1046.55,136274,142517995.25,5-FEB-2009,
SUNTV,EQ,169.9,174.4,166.0,167.8,166.2,168.45,232183,39704137.5,5-FEB-2009,
SUPERSPIN,BE,5.5,5.5,5.15,5.2,5.2,5.3,2535,13231.0,5-FEB-2009,
SUPPETRO,EQ,11.05,11.8,11.05,11.5,11.5,11.95,18396,211609.9,5-FEB-2009,
SUPRAJIT,EQ,41.0,43.0,38.0,40.05,38.0,46.5,540,22022.0,5-FEB-2009,
SUPREMEIND,EQ,116.0,116.0,112.5,114.9,116.0,116.8,535,61173.3,5-FEB-2009,
SUPREMEINF,EQ,27.8,27.8,24.75,25.1,24.95,25.8,3897,98597.75,5-FEB-2009,
SUPREMETEX,EQ,5.7,5.7,5.7,5.7,5.7,5.75,395,2251.5,5-FEB-2009,
SURAJDIAMN,EQ,20.95,21.5,20.3,20.85,20.7,21.35,18786,393441.8,5-FEB-2009,
SURANACORP,EQ,16.15,16.15,16.0,16.0,16.0,17.3,350,5631.5,5-FEB-2009,
SURANAIND,EQ,46.0,53.1,46.0,48.1,48.1,48.3,415,21090.0,5-FEB-2009,
SURANATELE,EQ,16.55,17.8,16.55,16.9,16.8,16.75,3028,52422.75,5-FEB-2009,
SURYALAXMI,BE,13.2,13.2,13.2,13.2,13.2,13.5,100,1320.0,5-FEB-2009,
SURYAPHARM,EQ,54.0,58.9,54.0,56.55,57.3,55.2,31575,1806994.75,5-FEB-2009,
SURYAROSNI,EQ,26.55,26.55,24.25,25.4,25.45,25.4,4041,101692.35,5-FEB-2009,
SUTLEJTEX,BE,33.05,33.05,33.05,33.05,33.05,34.75,1,33.05,5-FEB-2009,
SUVEN,EQ,13.1,13.6,13.0,13.05,13.05,13.3,38186,502737.3,5-FEB-2009,
SUZLON,EQ,42.0,43.65,41.15,43.0,43.1,42.0,16801352,720485442.25,5-FEB-2009,
SWARAJENG,EQ,99.0,99.0,99.0,99.0,99.0,100.9,10,990.0,5-FEB-2009,
SWARAJMAZD,EQ,153.95,154.0,153.95,154.0,154.0,149.3,100,15399.7,5-FEB-2009,
SYNDIBANK,EQ,62.2,64.35,60.6,62.15,62.05,61.3,482784,29708036.75,5-FEB-2009,
TAINWALCHM,EQ,11.75,11.75,11.75,11.75,11.75,12.0,85,998.75,5-FEB-2009,
TAJGVK,EQ,44.55,45.9,44.0,44.25,44.35,45.95,3291,147348.95,5-FEB-2009,
TAKE,EQ,17.6,18.0,17.0,17.35,17.05,17.5,3359,57536.0,5-FEB-2009,
TALBROAUTO,EQ,16.75,17.0,16.65,17.0,17.0,17.25,300,5066.0,5-FEB-2009,
TANLA,EQ,34.5,35.9,33.25,33.6,33.65,34.4,99200,3394388.85,5-FEB-2009,
TANTIACONS,EQ,32.0,32.8,32.0,32.0,32.0,33.05,402,12896.8,5-FEB-2009,
TATACHEM,EQ,149.0,149.0,142.1,144.35,144.4,146.4,173466,25034732.55,5-FEB-2009,
TATACOFFEE,EQ,149.0,152.9,146.7,148.55,148.0,150.8,1174,174952.25,5-FEB-2009,
TATACOMM,EQ,422.05,429.85,418.1,422.8,422.0,430.55,70924,30004388.9,5-FEB-2009,
TATAELXSI,EQ,85.0,86.4,84.05,84.55,84.6,85.4,2181,185362.6,5-FEB-2009,
TATAINVEST,EQ,215.0,217.85,210.25,210.85,211.0,214.4,2058,438236.7,5-FEB-2009,
TATAMETALI,EQ,60.75,67.0,60.75,62.65,62.55,64.5,12789,811883.4,5-FEB-2009,
TATAMOTORS,EQ,131.3,132.45,129.2,131.1,131.0,135.45,2111037,276358849.85,5-FEB-2009,
TATAPOWER,EQ,752.0,757.6,735.0,741.9,739.7,749.15,385629,287486466.75,5-FEB-2009,
TATASPONGE,EQ,112.15,114.0,111.1,111.85,112.5,112.15,5475,611989.05,5-FEB-2009,
TATASTEEL,EQ,180.6,188.4,180.15,181.8,182.5,179.55,8187008,1508222692.25,5-FEB-2009,
TATATEA,EQ,574.9,574.9,550.05,553.05,553.95,569.5,38593,21511206.4,5-FEB-2009,
TCI,EQ,37.0,39.0,37.0,38.5,38.8,38.3,5532,211475.85,5-FEB-2009,
TCS,EQ,500.0,502.6,478.25,482.9,481.6,498.65,1085387,527249235.25,5-FEB-2009,
TECHM,EQ,233.0,234.15,222.1,225.25,224.0,231.25,41477,9385099.25,5-FEB-2009,
TECHNOELEC,EQ,60.0,61.0,60.0,61.0,61.0,61.25,20,1210.0,5-FEB-2009,
TELEDATAGL,EQ,6.05,6.1,5.8,5.95,5.9,5.95,240153,1428452.7,5-FEB-2009,
TEXMACOLTD,EQ,50.55,53.85,49.0,50.1,50.05,53.9,24178,1227712.85,5-FEB-2009,
TFCILTD,EQ,13.2,14.2,13.2,13.8,13.75,13.8,41086,570228.45,5-FEB-2009,
THEMISMED,EQ,69.95,69.95,67.8,68.15,68.9,67.2,261,18036.15,5-FEB-2009,
THERMAX,EQ,158.7,160.0,156.0,158.3,158.2,158.5,109111,17135953.0,5-FEB-2009,
THIRUSUGAR,EQ,75.0,75.0,75.0,75.0,75.0,73.0,2,150.0,5-FEB-2009,
THOMASCOOK,EQ,34.6,35.0,34.1,34.2,34.1,34.5,7605,261865.2,5-FEB-2009,
TIDEWATER,EQ,3000.0,3199.0,3000.0,3094.05,3080.1,3000.0,77,239931.1,5-FEB-2009,
TIIL,EQ,22.1,23.8,22.1,22.5,22.5,22.5,1262,28066.2,5-FEB-2009,
TIL,EQ,98.0,99.9,93.5,93.9,93.5,97.95,652,61879.7,5-FEB-2009,
TIMESGTY,EQ,13.05,14.85,13.05,14.85,14.85,13.65,450,6277.5,5-FEB-2009,
TIMETECHNO,EQ,20.0,20.2,19.1,19.75,20.0,19.75,14821,291397.5,5-FEB-2009,
TIMKEN,EQ,56.05,56.05,56.05,56.05,56.05,57.7,21,1177.05,5-FEB-2009,
TINPLATE,EQ,23.0,23.0,21.3,21.55,22.0,22.75,6185,134517.0,5-FEB-2009,
TIPSINDLTD,EQ,24.0,24.45,23.75,24.0,24.45,23.95,510,12256.0,5-FEB-2009,
TIRUMALCHM,EQ,63.0,63.0,54.6,54.65,54.8,55.7,2274,127251.7,5-FEB-2009,
TITAN,EQ,800.0,813.8,770.1,784.6,785.0,803.95,371503,291009179.7,5-FEB-2009,
TNPETRO,EQ,9.0,10.1,9.0,9.6,9.55,8.95,353847,3393314.5,5-FEB-2009,
TNPL,EQ,60.05,60.95,59.85,60.1,60.05,60.45,11458,688945.65,5-FEB-2009,
TNTELE,EQ,5.45,5.8,5.15,5.25,5.25,5.3,2340,12771.75,5-FEB-2009,
TODAYS,EQ,18.5,18.75,18.0,18.05,18.75,18.6,8393,151544.55,5-FEB-2009,
TOKYOPLAST,EQ,9.05,9.05,9.05,9.05,9.05,8.5,100,905.0,5-FEB-2009,
TORNTPHARM,EQ,124.0,128.75,124.0,127.15,128.45,127.85,1418,179835.8,5-FEB-2009,
TORNTPOWER,EQ,70.05,72.45,65.5,70.15,70.5,71.6,76256,5369401.95,5-FEB-2009,
TREADS,BE,3.5,3.65,3.45,3.5,3.5,3.55,1739,6151.55,5-FEB-2009,
TRENT,EQ,301.1,316.55,301.1,309.9,305.3,309.95,38382,11896656.25,5-FEB-2009,
TRICOM,EQ,10.2,10.35,9.8,9.8,9.8,10.0,14663,147957.6,5-FEB-2009,
TRIGYN,EQ,7.0,7.2,6.65,6.85,6.8,7.15,11846,82350.65,5-FEB-2009,
TRIL,EQ,127.6,132.0,127.0,129.55,129.95,129.35,1487,191307.8,5-FEB-2009,
TRIVENI,EQ,50.45,50.5,48.45,48.95,49.25,50.1,290741,14388616.3,5-FEB-2009,
TTKPRESTIG,EQ,130.0,135.75,127.4,131.75,127.4,131.15,342,45252.65,5-FEB-2009,
TTL,EQ,6.0,6.25,6.0,6.0,6.0,6.1,421,2529.0,5-FEB-2009,
TTML,EQ,22.6,23.4,22.05,22.65,22.6,22.55,17916791,407418435.4,5-FEB-2009,
TUBEINVEST,EQ,30.0,30.0,27.65,28.8,28.95,29.45,5019,142550.15,5-FEB-2009,
TULIP,EQ,400.0,400.0,355.0,363.5,359.95,391.8,16048,5994252.55,5-FEB-2009,
TULSI,EQ,13.8,15.0,13.6,14.5,14.5,13.7,156007,2247346.8,5-FEB-2009,
TV-18,EQ,67.5,68.0,65.2,65.45,65.3,67.0,176124,11686729.75,5-FEB-2009,
TVSELECT,EQ,13.8,14.45,13.75,14.1,14.4,14.0,2241,31882.6,5-FEB-2009,
TVSMOTOR,EQ,18.25,18.75,17.5,17.85,17.9,18.35,329314,5941222.4,5-FEB-2009,
TVSSRICHAK,EQ,50.65,57.0,50.6,57.0,57.0,59.0,350,18992.5,5-FEB-2009,
TVTODAY,EQ,63.55,65.45,61.5,61.95,61.75,63.45,9366,595056.6,5-FEB-2009,
TWL,EQ,195.0,203.4,174.0,176.7,177.5,193.65,73115,13488578.45,5-FEB-2009,
UBHOLDINGS,EQ,75.9,75.9,70.55,72.45,73.5,73.6,19964,1466590.35,5-FEB-2009,
UBL,EQ,71.7,77.0,71.7,74.9,74.1,74.8,2892,218725.1,5-FEB-2009,
UCALFUEL,EQ,28.1,29.25,28.1,28.6,28.85,29.45,1057,30305.3,5-FEB-2009,
UCOBANK,EQ,27.7,27.95,27.1,27.6,27.7,27.35,351875,9641464.1,5-FEB-2009,
UFLEX,EQ,55.15,55.15,54.25,55.0,55.0,55.85,5089,279505.85,5-FEB-2009,
ULTRACEMCO,EQ,402.5,414.75,383.9,412.1,411.9,412.8,28756,11777073.6,5-FEB-2009,
UMITL,EQ,3.0,3.0,3.0,3.0,3.0,3.0,5375,16125.0,5-FEB-2009,
UNICHEMLAB,EQ,150.05,152.0,149.15,149.45,151.75,152.5,502,75334.15,5-FEB-2009,
UNIENTER,EQ,13.5,13.5,12.95,12.95,12.95,13.6,755,10189.75,5-FEB-2009,
UNIONBANK,EQ,143.65,147.05,143.65,146.55,146.4,145.1,668452,97052999.05,5-FEB-2009,
UNIPHOS,EQ,93.95,96.7,90.85,92.5,92.5,92.45,270699,25184297.7,5-FEB-2009,
UNIPLY,EQ,5.5,6.0,5.5,5.9,5.95,5.65,8781,51484.9,5-FEB-2009,
UNITECH,EQ,28.9,29.0,27.25,27.75,27.85,28.65,33714593,940237792.9,5-FEB-2009,
UNITY,EQ,99.0,99.0,95.15,95.65,96.0,97.0,4634,450956.4,5-FEB-2009,
UNIVCABLES,BE,32.0,33.5,32.0,32.25,32.0,33.5,1070,34381.75,5-FEB-2009,
UPERGANGES,EQ,45.7,45.7,42.2,43.15,43.05,43.55,1710,74036.95,5-FEB-2009,
USHAMART,EQ,23.6,25.45,23.6,23.75,23.75,24.35,213728,5154606.45,5-FEB-2009,
UTTAMSTL,EQ,35.0,41.0,35.0,38.85,38.6,38.2,676931,27527831.75,5-FEB-2009,
UTTAMSUGAR,EQ,27.0,28.0,26.6,27.5,28.0,27.5,4202,115339.05,5-FEB-2009,
UTVSOF,EQ,245.0,248.95,211.0,230.35,230.5,244.3,398886,89395503.75,5-FEB-2009,
VAIBHAVGEM,EQ,13.8,14.55,13.5,14.3,14.45,13.7,774,10733.8,5-FEB-2009,
VAKRANSOFT,EQ,22.0,22.5,21.4,21.85,21.9,21.7,291655,6294099.05,5-FEB-2009,
VALECHAENG,EQ,27.0,28.45,26.75,27.4,27.3,27.8,8285,226918.4,5-FEB-2009,
VALUEIND,EQ,9.1,10.0,8.8,9.25,9.0,9.3,6270,57371.6,5-FEB-2009,
VARDHACRLC,EQ,3.75,3.95,3.75,3.75,3.75,3.8,12654,47862.6,5-FEB-2009,
VARDMNPOLY,EQ,28.75,28.75,26.3,27.45,27.85,27.8,803,21873.0,5-FEB-2009,
VARUN,EQ,25.9,25.9,24.45,24.85,24.65,25.1,3010,75440.75,5-FEB-2009,
VARUNSHIP,EQ,47.5,48.8,46.35,47.0,46.35,46.1,418840,20009229.75,5-FEB-2009,
VENKEYS,EQ,66.05,70.15,66.05,69.85,69.85,69.45,225,15706.1,5-FEB-2009,
VENUSREM,EQ,204.25,204.25,192.0,193.0,193.0,204.9,203,39490.25,5-FEB-2009,
VESUVIUS,EQ,76.1,77.5,75.1,76.3,76.25,76.95,950,72296.45,5-FEB-2009,
VGUARD,EQ,43.8,45.05,43.7,44.55,44.8,45.0,15575,697237.95,5-FEB-2009,
VHL,BE,118.25,130.1,118.25,119.0,119.0,123.9,34135,4063023.0,5-FEB-2009,
VICEROY,BE,20.0,20.0,19.25,19.35,19.35,19.15,1703,33309.05,5-FEB-2009,
VIDEOIND,EQ,89.95,91.9,88.7,89.3,89.5,89.05,60412,5421738.3,5-FEB-2009,
VIJAYABANK,EQ,28.55,29.5,28.1,28.25,28.15,28.55,290884,8242132.9,5-FEB-2009,
VIJSHAN,EQ,12.0,12.5,11.5,11.55,11.55,12.1,2032,24020.85,5-FEB-2009,
VIKASHMET,EQ,7.5,8.0,7.5,7.8,7.8,7.6,1200,9487.0,5-FEB-2009,
VIMTALABS,EQ,20.7,22.65,20.05,20.3,20.1,20.55,5411,111578.6,5-FEB-2009,
VINCARDS,EQ,12.4,12.65,12.4,12.6,12.6,12.7,175,2191.3,5-FEB-2009,
VINYLINDIA,EQ,3.0,3.3,3.0,3.0,3.0,3.15,1824,5743.75,5-FEB-2009,
VIPIND,EQ,36.0,38.0,36.0,37.0,36.35,37.6,2040,76171.55,5-FEB-2009,
VISAKAIND,EQ,37.25,41.5,37.25,39.45,39.15,40.6,7526,298290.55,5-FEB-2009,
VISASTEEL,EQ,15.55,16.35,15.5,15.9,15.75,15.5,108690,1729444.0,5-FEB-2009,
VISESHINFO,EQ,5.05,5.2,4.9,5.0,5.05,5.05,7240,36195.9,5-FEB-2009,
VISHALEXPO,EQ,0.85,0.85,0.8,0.8,0.8,0.8,316433,257348.05,5-FEB-2009,
VISHALRET,EQ,51.0,52.0,49.0,49.75,49.85,50.55,40240,2008707.05,5-FEB-2009,
VISUINTL,EQ,4.15,4.45,4.15,4.4,4.45,4.3,23675,102884.75,5-FEB-2009,
VITLINFO,EQ,314.5,318.0,305.0,309.9,309.8,315.05,64099,19874377.8,5-FEB-2009,
VIVIMEDLAB,EQ,41.4,44.05,41.4,42.5,42.2,44.25,2081,89004.1,5-FEB-2009,
VLSFINANCE,EQ,7.05,7.95,6.9,7.4,7.5,7.6,36444,262109.25,5-FEB-2009,
VOLTAMP,EQ,350.3,374.0,342.55,367.45,369.5,353.3,65734,23914487.8,5-FEB-2009,
VOLTAS,EQ,42.0,42.0,39.0,39.7,39.6,40.45,685040,27189353.1,5-FEB-2009,
VSTIND,EQ,215.0,220.0,210.05,210.05,210.05,214.5,5311,1137937.4,5-FEB-2009,
VTL,EQ,58.55,59.2,58.25,58.25,58.25,59.95,844,49384.9,5-FEB-2009,
WABCO-TVS,EQ,105.0,113.0,101.0,112.55,113.0,106.0,566,60942.05,5-FEB-2009,
WALCHANNAG,EQ,88.0,89.0,85.55,86.0,86.5,88.0,25669,2222982.05,5-FEB-2009,
WANBURY,EQ,36.5,37.1,36.5,37.05,37.05,38.0,152,5590.35,5-FEB-2009,
WEBELSOLAR,EQ,104.8,104.8,100.1,100.1,100.1,104.5,26,2617.3,5-FEB-2009,
WEIZMANIND,BE,16.5,16.5,16.0,16.0,16.0,16.0,200,3225.0,5-FEB-2009,
WELGUJ,EQ,66.0,66.25,63.0,64.6,64.75,64.5,1574741,101767856.65,5-FEB-2009,
WELSPUNIND,EQ,15.35,16.3,15.35,15.95,16.3,15.95,2324,36880.0,5-FEB-2009,
WENDT,EQ,407.0,407.0,407.0,407.0,407.0,387.0,2,814.0,5-FEB-2009,
WHEELS,EQ,118.05,119.5,115.15,117.8,116.0,120.0,695,81290.0,5-FEB-2009,
WILLAMAGOR,EQ,14.65,15.45,14.65,15.45,15.45,15.25,1000,14935.0,5-FEB-2009,
WINDSOR,EQ,5.55,5.55,5.55,5.55,5.55,5.7,200,1110.0,5-FEB-2009,
WINSOMYARN,BE,13.7,13.7,13.45,13.7,13.7,13.05,4142,56720.4,5-FEB-2009,
WIPRO,EQ,226.0,227.0,216.55,219.85,221.0,224.05,735668,161992883.7,5-FEB-2009,
WOCKPHARMA,EQ,95.0,95.0,92.05,92.55,92.45,94.45,31343,2935715.95,5-FEB-2009,
WSI,EQ,26.1,26.1,24.45,25.1,24.55,26.9,7449,186276.3,5-FEB-2009,
WSTCSTPAPR,EQ,36.1,37.0,36.0,36.7,37.0,37.05,2105,76473.0,5-FEB-2009,
WWIL,EQ,17.5,19.6,16.5,17.7,17.15,17.15,106116333,1951347054.8,5-FEB-2009,
WYETH,EQ,416.9,425.0,416.9,419.3,419.0,419.1,493,207225.55,5-FEB-2009,
XLTL,EQ,33.55,33.55,33.55,33.55,33.55,35.3,13646,457823.3,5-FEB-2009,
XPROINDIA,EQ,15.3,15.9,15.2,15.85,15.85,15.65,4002,61457.15,5-FEB-2009,
YESBANK,EQ,59.5,59.6,58.0,58.4,58.3,58.65,588829,34436137.0,5-FEB-2009,
ZANDUPHARM,EQ,5150.0,5150.0,4951.45,5064.95,5091.0,5046.15,76,382020.85,5-FEB-2009,
ZEEL,EQ,102.7,105.65,99.5,104.4,103.7,101.7,1728429,176482046.7,5-FEB-2009,
ZEENEWS,EQ,30.9,31.9,29.8,30.05,30.1,30.7,697754,21427643.0,5-FEB-2009,
ZENITHBIR,EQ,12.0,13.0,12.0,12.0,12.0,12.5,5510,67582.5,5-FEB-2009,
ZENITHCOMP,EQ,13.0,14.15,13.0,14.1,14.15,13.2,6823,94539.8,5-FEB-2009,
ZENITHINFO,EQ,171.5,179.7,167.0,168.0,168.0,171.25,1352,228140.7,5-FEB-2009,
ZENSARTECH,BE,69.0,72.5,68.1,68.75,68.75,69.1,1477,102628.75,5-FEB-2009,
ZICOM,EQ,76.0,76.0,71.85,71.85,71.85,75.6,10546,761484.95,5-FEB-2009,
ZODIACLOTH,EQ,200.65,200.65,195.0,195.05,195.0,202.15,424,83795.2,5-FEB-2009,
ZODJRDMKJ,EQ,10.5,10.5,10.5,10.5,10.5,10.9,200,2100.0,5-FEB-2009,
ZUARIAGRO,EQ,138.0,138.85,135.1,137.6,137.3,136.2,2291,315713.75,5-FEB-2009,
ZYLOG,EQ,79.0,79.0,70.45,77.3,77.2,76.2,25993,2000897.35,5-FEB-2009,
