SYMBOL,SERIES,OPEN,HIGH,LOW,CLOSE,LAST,PREVCLOSE,TOTTRDQTY,TOTTRDVAL,TIMESTAMP,TOTALTRADES,ISIN,UNNAMED: 13
20MICRONS,EQ,48.25,49.1,46.6,46.95,46.8,48.45,70697,3354663.45,22-MAR-2018,779,INE144J01027,
21STCENMGM,BE,33.45,33.45,33.25,33.25,33.25,33.9,589,19611.65,22-MAR-2018,13,INE253B01015,
3IINFOTECH,EQ,5.05,5.05,4.95,5.05,5.05,4.85,4272121,21544408.85,22-MAR-2018,1119,INE748C01020,
3MINDIA,EQ,19604.25,19741.95,19505.0,19530.35,19505.0,19530.95,745,14611327.4,22-MAR-2018,189,INE470A01017,
5PAISA,BE,340.1,357.0,340.1,346.0,346.0,351.9,5548,1944363.55,22-MAR-2018,135,INE618L01018,
63MOONS,EQ,103.35,104.7,96.8,97.3,97.4,102.8,418597,41710551.0,22-MAR-2018,6684,INE111B01023,
8KMILES,EQ,696.0,708.0,686.0,692.45,691.9,690.45,129773,90116578.35,22-MAR-2018,5217,INE650K01021,
A2ZINFRA,EQ,28.7,28.75,26.85,27.2,27.0,28.75,1114813,30751215.7,22-MAR-2018,3004,INE619I01012,
AARTIDRUGS,EQ,530.75,530.95,520.05,526.05,529.85,527.4,5854,3086271.25,22-MAR-2018,505,INE767A01016,
AARTIIND,EQ,1100.0,1116.0,1085.0,1090.3,1093.0,1106.0,48977,53676568.15,22-MAR-2018,10626,INE769A01020,
AARVEEDEN,EQ,44.0,44.65,42.8,42.95,42.85,43.95,8499,366992.3,22-MAR-2018,105,INE273D01019,
ABAN,EQ,165.25,169.5,163.65,164.55,164.0,161.25,2457108,408793024.4,22-MAR-2018,24014,INE421A01028,
ABB,EQ,1309.5,1313.95,1275.0,1289.8,1290.0,1297.0,55053,71633099.35,22-MAR-2018,4049,INE117A01022,
ABBOTINDIA,EQ,5450.0,5453.85,5351.1,5405.6,5401.0,5449.55,2294,12419630.85,22-MAR-2018,398,INE358A01014,
ABCAPITAL,EQ,146.0,148.0,146.0,147.25,147.4,145.55,2712330,398787338.55,22-MAR-2018,19110,INE674K01013,
ABFRL,EQ,141.3,141.3,137.9,138.85,139.1,141.6,555670,77370366.05,22-MAR-2018,3640,INE647O01011,
ABMINTLTD,BE,40.9,40.9,40.85,40.85,40.85,43.0,259,10582.65,22-MAR-2018,10,INE251C01017,
ACC,EQ,1558.0,1571.0,1539.85,1549.4,1549.0,1558.4,319159,495798675.35,22-MAR-2018,15131,INE012A01025,
ACCELYA,EQ,1354.8,1354.8,1326.05,1334.15,1326.05,1355.05,3649,4876072.7,22-MAR-2018,410,INE793A01012,
ACE,EQ,171.0,173.15,167.1,168.4,169.9,170.55,505922,85892960.5,22-MAR-2018,4749,INE731H01025,
ADANIENT,EQ,162.4,163.85,158.55,159.45,159.4,162.2,6171698,993782077.85,22-MAR-2018,32180,INE423A01024,
ADANIPORTS,EQ,365.0,365.0,354.1,358.25,358.3,363.7,3443184,1237470401.05,22-MAR-2018,63535,INE742F01042,
ADANIPOWER,EQ,25.85,26.05,25.0,25.15,25.2,25.65,7410150,188353961.55,22-MAR-2018,10909,INE814H01011,
ADANITRANS,EQ,198.0,203.4,195.2,200.75,200.25,198.8,854532,169500552.0,22-MAR-2018,23144,INE931S01010,
ADFFOODS,EQ,214.15,215.0,206.75,212.35,211.4,213.4,119014,25121670.65,22-MAR-2018,2705,INE982B01019,
ADHUNIK,EQ,3.95,3.95,3.7,3.95,3.95,3.8,232611,875348.25,22-MAR-2018,101,INE400H01019,
ADHUNIKIND,EQ,76.3,78.35,73.75,78.25,78.2,74.65,99047,7532070.0,22-MAR-2018,407,INE452L01012,
ADLABS,EQ,48.75,48.85,47.0,47.2,47.2,48.4,96177,4579251.85,22-MAR-2018,727,INE172N01012,
ADORWELD,EQ,398.75,398.75,384.0,385.15,384.15,394.5,13560,5267427.15,22-MAR-2018,701,INE045A01017,
ADSL,EQ,19.45,20.2,19.0,19.7,19.5,19.8,74827,1448028.0,22-MAR-2018,210,INE102I01027,
ADVANIHOTR,EQ,58.5,59.0,56.9,57.25,57.25,58.5,6432,374530.25,22-MAR-2018,92,INE199C01026,
ADVENZYMES,EQ,217.15,221.7,217.15,218.75,218.0,218.9,120651,26392134.5,22-MAR-2018,4315,INE837H01020,
AEGISCHEM,EQ,254.5,254.5,248.1,250.55,253.5,251.95,92795,23318877.85,22-MAR-2018,2694,INE208C01025,
AFL,EQ,54.35,54.55,54.3,54.4,54.5,55.3,4050,220505.25,22-MAR-2018,14,INE020G01017,
AGARIND,BE,395.0,395.0,376.8,379.7,379.1,396.6,17694,6766753.0,22-MAR-2018,52,INE204E01012,
AGCNET,EQ,106.95,107.0,104.0,104.35,104.15,104.95,4632,488323.1,22-MAR-2018,63,INE676A01019,
AGLSL,EQ,96.7,98.75,96.0,96.85,96.0,98.0,33338,3250250.6,22-MAR-2018,120,INE517U01013,
AGRITECH,EQ,130.05,132.5,123.05,127.1,127.5,131.85,38562,4923692.5,22-MAR-2018,786,INE449G01018,
AHLEAST,BE,274.0,274.0,260.0,262.05,260.0,261.6,4701,1263065.25,22-MAR-2018,39,INE926K01017,
AHLUCONT,EQ,389.95,389.95,371.55,375.65,372.5,386.1,20840,7854064.35,22-MAR-2018,870,INE758C01029,
AHLWEST,EQ,265.3,268.0,265.0,265.1,265.1,265.05,699,186776.15,22-MAR-2018,26,INE915K01010,
AIAENG,EQ,1401.6,1420.0,1391.1,1406.9,1416.0,1401.6,9867,13842384.15,22-MAR-2018,1945,INE212H01026,
AICHAMP,BE,33.25,33.25,33.25,33.25,33.25,35.0,86,2859.5,22-MAR-2018,1,INE768E01024,
AIFL,EQ,451.55,457.0,447.55,450.1,448.5,451.25,287792,129593467.95,22-MAR-2018,1212,INE428O01016,
AJANTPHARM,EQ,1376.25,1387.85,1336.85,1345.35,1349.5,1377.05,184488,251027348.2,22-MAR-2018,8471,INE031B01049,
AJMERA,EQ,252.0,253.95,244.0,245.15,244.55,250.5,46082,11415000.5,22-MAR-2018,1206,INE298G01027,
AKSHARCHEM,EQ,617.0,622.45,602.0,604.95,603.05,616.55,7210,4397494.15,22-MAR-2018,435,INE542B01011,
AKSHOPTFBR,EQ,33.1,33.55,31.7,31.95,31.8,33.05,695419,22602753.15,22-MAR-2018,1944,INE523B01011,
AKZOINDIA,EQ,1765.0,1784.95,1755.0,1769.2,1775.95,1763.3,3355,5924702.45,22-MAR-2018,612,INE133A01011,
ALANKIT,EQ,46.5,46.5,43.4,43.55,43.4,45.65,180024,7936236.9,22-MAR-2018,1091,INE914E01040,
ALBERTDAVD,BE,363.05,365.0,362.0,364.5,364.5,361.85,805,293436.05,22-MAR-2018,9,INE155C01010,
ALBK,EQ,50.5,50.5,48.2,48.5,48.55,49.5,3414919,166926565.35,22-MAR-2018,10352,INE428A01015,
ALCHEM,BE,9.7,9.8,9.55,9.55,9.55,9.65,3716,35699.45,22-MAR-2018,27,INE964B01033,
ALEMBICLTD,EQ,54.0,57.45,53.5,55.95,56.05,59.25,839079,46794281.3,22-MAR-2018,7160,INE426A01027,
ALICON,EQ,579.9,585.0,571.4,574.25,571.4,584.7,7458,4309417.5,22-MAR-2018,117,INE062D01024,
ALKALI,EQ,73.0,75.8,73.0,73.3,73.35,74.1,1887,138989.3,22-MAR-2018,44,INE773I01017,
ALKEM,EQ,2129.0,2149.0,2107.05,2115.05,2119.65,2124.65,15701,33276535.4,22-MAR-2018,3822,INE540L01014,
ALKYLAMINE,EQ,608.05,614.7,605.7,608.95,609.9,610.45,730,443550.5,22-MAR-2018,52,INE150B01021,
ALLCARGO,EQ,150.9,152.2,150.0,150.5,150.7,150.8,116587,17574366.4,22-MAR-2018,1874,INE418H01029,
ALLSEC,EQ,344.65,346.7,340.05,342.95,342.0,344.05,11937,4104691.05,22-MAR-2018,264,INE835G01018,
ALMONDZ,EQ,22.7,22.8,21.9,22.0,22.75,22.9,4452,98540.1,22-MAR-2018,41,INE326B01027,
ALOKTEXT,EQ,2.95,3.05,2.9,3.0,3.05,2.95,4787292,14340530.7,22-MAR-2018,801,INE270A01011,
ALPA,EQ,42.0,42.0,38.0,38.45,38.0,40.0,66825,2709156.2,22-MAR-2018,380,INE385I01010,
ALPHAGEO,EQ,751.0,764.0,733.05,745.5,744.0,746.1,24397,18247276.1,22-MAR-2018,1363,INE137C01018,
ALPSINDUS,BE,3.6,3.7,3.6,3.6,3.6,3.75,33816,122977.6,22-MAR-2018,104,INE093B01015,
AMARAJABAT,EQ,791.95,800.65,774.0,778.2,775.1,791.15,336123,265257997.85,22-MAR-2018,11328,INE885A01032,
AMBER,EQ,1112.95,1113.95,1080.1,1086.45,1082.0,1104.95,64732,71126245.35,22-MAR-2018,1389,INE371P01015,
AMBIKCO,EQ,1280.0,1295.0,1276.0,1282.2,1284.05,1284.8,1497,1922138.25,22-MAR-2018,197,INE540G01014,
AMBUJACEM,EQ,230.3,232.85,227.2,228.25,228.0,229.85,3027467,695552971.3,22-MAR-2018,26128,INE079A01024,
AMDIND,BE,30.0,31.0,30.0,30.3,30.25,31.45,7962,242633.05,22-MAR-2018,103,INE005I01014,
AMJLAND,EQ,24.45,25.0,23.65,23.85,23.65,24.35,12528,301895.2,22-MAR-2018,51,INE606A01024,
AMRUTANJAN,EQ,545.0,560.2,538.9,545.9,544.5,548.15,4533,2478254.9,22-MAR-2018,236,INE098F01023,
AMTEKAUTO,EQ,23.6,23.85,22.9,23.05,23.1,23.6,453801,10550339.8,22-MAR-2018,2067,INE130C01021,
ANANTRAJ,EQ,51.7,51.7,47.4,48.3,48.5,50.85,1202676,59208291.95,22-MAR-2018,5678,INE242C01024,
ANDHRABANK,EQ,42.95,43.35,41.75,42.05,41.95,43.0,5289998,223959304.9,22-MAR-2018,10152,INE434A01013,
ANDHRACEMT,EQ,10.15,10.15,9.4,9.65,9.65,9.95,413167,4041116.4,22-MAR-2018,559,INE666E01012,
ANDHRSUGAR,EQ,445.55,445.55,425.05,428.55,430.0,445.45,25822,11260929.55,22-MAR-2018,1312,INE715B01013,
ANGIND,BE,5.0,5.0,4.75,4.95,5.0,5.0,6929,33537.9,22-MAR-2018,28,INE017D01010,
ANIKINDS,EQ,34.35,34.65,33.25,33.3,33.25,34.9,16708,564728.0,22-MAR-2018,169,INE087B01017,
ANSALAPI,EQ,21.95,22.4,21.1,21.55,21.45,22.2,101589,2189791.55,22-MAR-2018,289,INE436A01026,
ANSALHSG,EQ,21.3,21.45,20.0,20.3,20.3,21.1,53304,1103582.7,22-MAR-2018,313,INE880B01015,
ANTGRAPHIC,BE,0.8,0.85,0.8,0.85,0.85,0.85,67412,54029.6,22-MAR-2018,19,INE414B01021,
APARINDS,EQ,744.15,749.2,735.1,743.4,745.95,748.15,10447,7731529.7,22-MAR-2018,580,INE372A01015,
APCL,EQ,181.1,185.4,176.2,180.3,181.0,181.55,2672,481788.15,22-MAR-2018,55,INE071F01012,
APCOTEXIND,EQ,513.95,513.95,497.35,499.5,500.0,508.8,4456,2235764.3,22-MAR-2018,232,INE116A01024,
APEX,EQ,650.0,660.0,635.0,639.6,636.0,640.75,174322,111969383.15,22-MAR-2018,4662,INE346W01013,
APLAPOLLO,EQ,1901.05,1920.0,1858.2,1884.6,1875.05,1929.6,15671,29693489.8,22-MAR-2018,2332,INE702C01019,
APLLTD,EQ,542.35,546.9,535.0,541.7,541.0,542.35,266811,144098644.35,22-MAR-2018,1851,INE901L01018,
APOLLO,EQ,278.0,278.0,268.0,268.9,268.0,275.3,45926,12485561.5,22-MAR-2018,1567,INE713T01010,
APOLLOHOSP,EQ,1028.0,1033.5,1013.3,1022.3,1026.3,1028.45,370697,378864162.2,22-MAR-2018,13773,INE437A01024,
APOLLOTYRE,EQ,262.5,264.25,259.8,260.2,259.95,263.05,1427843,374141287.75,22-MAR-2018,11103,INE438A01022,
APOLSINHOT,EQ,1414.95,1444.4,1251.0,1296.0,1290.0,1365.2,843,1114529.45,22-MAR-2018,129,INE451F01016,
APTECHT,EQ,297.75,305.25,286.45,288.8,286.5,296.4,672128,198181815.4,22-MAR-2018,10701,INE266F01018,
ARCHIDPLY,EQ,84.1,84.95,80.5,80.9,80.65,84.05,34113,2811289.4,22-MAR-2018,622,INE877I01016,
ARCHIES,EQ,32.7,33.2,31.05,31.45,31.35,32.65,178730,5763855.2,22-MAR-2018,1136,INE731A01020,
ARCOTECH,EQ,39.5,40.6,36.3,36.75,37.35,39.45,931802,35103924.35,22-MAR-2018,2929,INE574I01035,
ARIES,EQ,192.2,193.35,183.0,184.1,183.5,189.1,31069,5803681.75,22-MAR-2018,462,INE298I01015,
ARIHANT,BE,40.0,40.0,39.95,39.95,39.95,39.9,2041,81555.0,22-MAR-2018,6,INE413D01011,
ARIHANTSUP,EQ,117.1,123.0,116.85,118.9,117.9,116.85,137474,16355212.3,22-MAR-2018,2717,INE643K01018,
ARMANFIN,EQ,339.9,339.9,320.5,325.25,320.5,330.05,2448,799806.05,22-MAR-2018,65,INE109C01017,
AROGRANITE,EQ,59.3,59.3,57.0,57.5,57.85,58.4,18653,1078518.55,22-MAR-2018,230,INE210C01013,
ARROWGREEN,EQ,275.6,277.0,262.65,267.5,268.4,273.6,25941,7048976.05,22-MAR-2018,564,INE570D01018,
ARROWTEX,EQ,36.2,37.35,35.6,35.7,35.65,36.2,12974,467646.3,22-MAR-2018,119,INE933J01015,
ARSHIYA,EQ,77.0,89.4,75.1,76.2,75.6,76.15,172484,13568277.25,22-MAR-2018,1312,INE968D01022,
ARSSINFRA,BE,40.15,40.5,38.15,39.65,39.8,40.15,20834,818699.6,22-MAR-2018,112,INE267I01010,
ARVIND,EQ,391.0,393.85,382.35,383.35,383.4,390.4,1268255,491819864.8,22-MAR-2018,15718,INE034A01011,
ARVSMART,EQ,182.0,186.35,181.4,183.95,183.55,181.0,54871,10119874.35,22-MAR-2018,937,INE034S01021,
ASAHIINDIA,EQ,333.1,335.0,331.8,333.2,334.7,333.1,36164,12057531.9,22-MAR-2018,998,INE439A01020,
ASAHISONG,EQ,320.65,320.65,310.0,311.65,312.0,314.45,12986,4069970.3,22-MAR-2018,2820,INE228I01012,
ASAL,EQ,76.5,80.45,75.6,76.4,76.5,77.4,18700,1455246.5,22-MAR-2018,266,INE900C01027,
ASHAPURMIN,EQ,67.55,68.8,64.35,65.35,65.0,67.3,167447,11159491.4,22-MAR-2018,819,INE348A01023,
ASHIANA,EQ,162.3,162.85,155.0,155.45,155.4,160.85,39781,6307780.65,22-MAR-2018,1175,INE365D01021,
ASHIMASYN,EQ,25.7,25.7,23.1,23.35,23.1,25.2,332074,8063074.8,22-MAR-2018,1172,INE440A01010,
ASHOKA,EQ,250.8,251.65,243.35,245.05,245.0,246.65,334274,82248839.55,22-MAR-2018,18196,INE442H01029,
ASHOKLEY,EQ,148.2,148.2,141.55,142.0,142.15,147.5,12939722,1871060493.35,22-MAR-2018,80726,INE208A01029,
ASIANHOTNR,BE,303.0,303.0,291.05,301.0,301.0,303.0,4275,1289290.65,22-MAR-2018,30,INE363A01022,
ASIANPAINT,EQ,1102.5,1110.0,1100.0,1107.1,1106.95,1103.55,478426,528979749.55,22-MAR-2018,26664,INE021A01026,
ASIANTILES,EQ,464.95,464.95,451.1,453.75,453.2,460.35,37283,17004576.05,22-MAR-2018,3405,INE022I01019,
ASPINWALL,EQ,388.0,388.0,370.0,371.45,371.3,381.7,6145,2294034.4,22-MAR-2018,129,INE991I01015,
ASSAMCO,EQ,4.3,4.3,4.1,4.15,4.1,4.25,240849,1007936.35,22-MAR-2018,195,INE442A01024,
ASTEC,EQ,545.2,593.35,527.2,577.45,577.9,544.8,122984,70541467.55,22-MAR-2018,6536,INE563J01010,
ASTERDM,EQ,172.05,174.75,169.0,170.25,171.0,174.45,272659,46927722.65,22-MAR-2018,7737,INE914M01019,
ASTRAL,EQ,830.0,855.0,825.0,842.3,835.15,834.0,34282,28856921.15,22-MAR-2018,1314,INE006I01046,
ASTRAMICRO,EQ,81.7,82.85,80.2,80.65,80.5,81.95,220063,17902197.45,22-MAR-2018,1955,INE386C01029,
ASTRAZEN,EQ,945.75,955.85,931.05,935.6,939.95,947.4,2262,2132280.9,22-MAR-2018,279,INE203A01020,
ASTRON,EQ,116.95,116.95,112.5,113.45,113.5,116.2,115555,13192460.15,22-MAR-2018,1172,INE646X01014,
ATFL,EQ,655.1,656.0,641.1,648.1,647.0,655.1,4300,2790617.95,22-MAR-2018,226,INE209A01019,
ATLANTA,EQ,81.5,81.5,79.25,79.6,79.25,80.75,140038,11233425.2,22-MAR-2018,966,INE285H01022,
ATLASCYCLE,BE,170.2,175.95,168.0,169.25,168.3,174.05,2204,374868.45,22-MAR-2018,116,INE446A01025,
ATUL,EQ,2632.0,2644.6,2586.05,2600.55,2600.0,2631.45,5386,14019382.95,22-MAR-2018,800,INE100A01010,
ATULAUTO,EQ,435.05,437.95,427.0,432.5,432.9,436.6,79701,34453456.15,22-MAR-2018,596,INE951D01028,
AUBANK,EQ,584.5,588.0,576.55,579.45,583.0,584.5,70763,41219607.55,22-MAR-2018,7992,INE949L01017,
AURIONPRO,EQ,223.25,224.15,215.5,217.9,219.85,215.0,77005,16901711.9,22-MAR-2018,1307,INE132H01018,
AUROPHARMA,EQ,564.55,568.8,555.5,557.4,556.85,564.2,1897302,1062945764.7,22-MAR-2018,34361,INE406A01037,
AUSOMENT,EQ,68.0,70.95,65.1,66.4,65.1,68.25,24353,1662189.65,22-MAR-2018,406,INE218C01016,
AUTOAXLES,EQ,1482.0,1482.0,1415.5,1458.95,1469.25,1461.45,18507,26657441.55,22-MAR-2018,1707,INE449A01011,
AUTOIND,EQ,67.65,67.65,62.5,62.9,62.7,65.35,18320,1180947.35,22-MAR-2018,277,INE718H01014,
AUTOLITIND,EQ,68.05,68.05,62.8,63.05,63.25,66.95,22785,1461441.35,22-MAR-2018,158,INE448A01013,
AVADHSUGAR,EQ,493.5,493.5,448.25,451.25,450.0,486.4,65454,30237841.15,22-MAR-2018,1803,INE349W01017,
AVANTIFEED,EQ,2284.9,2320.0,2244.0,2248.25,2249.0,2269.2,75456,170746175.8,22-MAR-2018,7929,INE871C01020,
AVTNPL,EQ,39.35,39.6,38.15,38.3,38.2,39.05,71234,2762630.05,22-MAR-2018,514,INE488D01021,
AXISBANK,EQ,522.6,525.9,516.75,518.2,518.5,526.3,7194256,3747257474.8,22-MAR-2018,115898,INE238A01034,
AXISCADES,EQ,148.0,148.95,143.0,143.25,143.7,147.85,69528,10094607.5,22-MAR-2018,1431,INE555B01013,
AXISGOLD,EQ,2693.0,2693.0,2670.0,2673.15,2673.0,2656.2,55,147044.75,22-MAR-2018,26,INF846K01347,
AXISNIFTY,EQ,1018.19,1018.19,1018.19,1018.19,1018.19,1022.9,10,10181.9,22-MAR-2018,1,INF846K01ZL0,
AYMSYNTEX,EQ,59.65,60.0,58.3,59.15,58.75,58.8,59725,3550997.55,22-MAR-2018,176,INE193B01039,
BAFNAPHARM,EQ,24.6,25.6,24.0,25.15,25.1,24.85,39855,987807.45,22-MAR-2018,79,INE878I01014,
BAGFILMS,EQ,5.05,5.05,4.75,4.85,4.9,4.9,234170,1136016.85,22-MAR-2018,166,INE116D01028,
BAJAJ-AUTO,EQ,2851.9,2873.75,2822.0,2834.95,2835.0,2851.8,325295,924026928.55,22-MAR-2018,21156,INE917I01010,
BAJAJCORP,EQ,456.45,459.7,448.2,458.6,459.0,455.15,8860,4033175.0,22-MAR-2018,656,INE933K01021,
BAJAJELEC,EQ,553.0,566.9,531.3,535.2,537.55,550.7,763351,420283060.25,22-MAR-2018,17086,INE193E01025,
BAJAJFINSV,EQ,5100.0,5135.45,5090.0,5119.85,5099.95,5131.5,73966,378551766.0,22-MAR-2018,9702,INE918I01018,
BAJAJHIND,EQ,10.2,10.2,9.6,9.65,9.65,10.0,3087598,30318599.65,22-MAR-2018,3572,INE306A01021,
BAJAJHLDNG,EQ,2534.9,2548.95,2517.65,2527.45,2545.0,2533.7,3243,8198615.9,22-MAR-2018,616,INE118A01012,
BAJFINANCE,EQ,1708.0,1720.0,1690.15,1695.6,1691.2,1704.55,1153716,1968873843.2,22-MAR-2018,49676,INE296A01024,
BALAJITELE,EQ,128.5,130.0,126.5,129.55,129.25,127.85,100124,12843788.25,22-MAR-2018,1105,INE794B01026,
BALAMINES,EQ,587.8,590.25,571.3,573.35,572.05,583.1,30248,17510312.7,22-MAR-2018,1768,INE050E01027,
BALAXI,BE,14.8,14.8,14.8,14.8,14.8,14.9,1,14.8,22-MAR-2018,1,INE618N01014,
BALKRISHNA,EQ,71.0,73.7,70.2,70.95,70.7,72.1,12294,874956.15,22-MAR-2018,71,INE875R01011,
BALKRISIND,EQ,1072.6,1089.0,1061.15,1068.1,1063.0,1084.05,159985,171840150.95,22-MAR-2018,10513,INE787D01026,
BALLARPUR,EQ,13.35,13.5,12.9,12.95,12.9,13.35,1099875,14437058.5,22-MAR-2018,1085,INE294A01037,
BALMLAWRIE,EQ,220.0,220.0,215.9,217.0,216.95,219.1,141911,30805436.15,22-MAR-2018,2218,INE164A01016,
BALPHARMA,EQ,85.35,86.65,82.0,82.45,82.4,85.75,28912,2417771.45,22-MAR-2018,514,INE083D01012,
BALRAMCHIN,EQ,94.05,94.4,85.85,87.1,86.15,93.55,10597698,942222324.65,22-MAR-2018,64689,INE119A01028,
BANARBEADS,EQ,60.0,61.7,57.0,57.1,57.05,58.95,2421,142176.05,22-MAR-2018,38,INE655B01011,
BANARISUG,EQ,1600.05,1620.0,1600.0,1605.1,1605.0,1605.0,915,1464781.3,22-MAR-2018,19,INE459A01010,
BANCOINDIA,EQ,221.7,221.7,217.0,217.5,217.15,218.05,34247,7492273.35,22-MAR-2018,1221,INE213C01025,
BANG,EQ,24.55,26.5,24.5,24.65,24.5,25.95,10674,272190.45,22-MAR-2018,76,INE863I01016,
BANKBARODA,EQ,135.25,137.0,133.5,134.95,134.7,135.6,16863181,2284376016.55,22-MAR-2018,61228,INE028A01039,
BANKBEES,EQ,2462.95,2466.45,2440.0,2450.48,2440.0,2461.7,3632,8902536.57,22-MAR-2018,117,INF732E01078,
BANKINDIA,EQ,102.55,104.75,101.3,102.35,101.45,103.6,6627386,681734600.9,22-MAR-2018,23462,INE084A01016,
BANSWRAS,EQ,100.0,104.6,97.15,99.35,98.3,102.1,23051,2323385.7,22-MAR-2018,361,INE629D01012,
BARTRONICS,EQ,10.9,11.15,10.4,10.45,10.4,10.9,65320,691980.25,22-MAR-2018,201,INE855F01034,
BASF,EQ,1975.45,1999.8,1955.35,1981.9,1996.8,1985.4,15858,31381303.6,22-MAR-2018,992,INE373A01013,
BASML,EQ,251.0,256.0,244.35,245.85,245.05,249.85,2005,503030.9,22-MAR-2018,90,INE186H01014,
BATAINDIA,EQ,708.55,717.6,703.0,705.2,706.9,706.8,580140,412742652.35,22-MAR-2018,18889,INE176A01028,
BAYERCROP,EQ,4145.0,4173.95,4101.3,4137.4,4128.0,4159.95,20789,85922633.25,22-MAR-2018,2387,INE462A01022,
BBL,EQ,1493.85,1507.0,1451.0,1458.4,1454.0,1493.65,13908,20443025.85,22-MAR-2018,1226,INE464A01028,
BBTC,EQ,1183.55,1205.0,1150.0,1158.0,1152.9,1189.5,164427,192809698.15,22-MAR-2018,9696,INE050A01025,
BEARDSELL,EQ,53.7,55.0,49.05,50.45,49.05,51.7,6581,351227.2,22-MAR-2018,84,INE520H01022,
BEDMUTHA,EQ,17.0,17.95,16.15,16.9,16.8,17.25,34575,597624.0,22-MAR-2018,275,INE844K01012,
BEL,EQ,148.8,149.15,142.5,143.4,143.1,148.35,6454803,934788671.4,22-MAR-2018,31861,INE263A01024,
BEML,EQ,1096.0,1105.0,1072.45,1079.6,1076.0,1100.15,829782,900271604.25,22-MAR-2018,21653,INE258A01016,
BEPL,EQ,168.35,172.65,166.0,166.4,166.7,169.8,423356,71317744.05,22-MAR-2018,5313,INE922A01025,
BERGEPAINT,EQ,242.5,244.9,240.3,243.8,244.6,242.95,460092,111417723.25,22-MAR-2018,18496,INE463A01038,
BFINVEST,EQ,287.8,288.3,276.05,277.45,277.0,285.15,44640,12615138.35,22-MAR-2018,1488,INE878K01010,
BFUTILITIE,EQ,394.15,397.0,377.0,381.0,379.0,392.95,314284,121583814.45,22-MAR-2018,6526,INE243D01012,
BGLOBAL,BE,4.8,4.8,4.4,4.4,4.4,4.6,48376,214677.85,22-MAR-2018,68,INE224M01013,
BGRENERGY,EQ,107.05,108.2,102.1,102.45,102.5,107.05,192937,20447072.0,22-MAR-2018,1722,INE661I01014,
BHAGERIA,EQ,280.1,280.1,274.1,275.15,275.85,278.95,10032,2763979.7,22-MAR-2018,296,INE354C01027,
BHAGYANGR,EQ,46.1,47.15,45.15,45.35,45.4,45.5,124759,5724803.65,22-MAR-2018,1054,INE458B01036,
BHAGYAPROP,EQ,19.1,19.1,17.25,18.65,18.6,19.0,4824,89612.6,22-MAR-2018,48,INE363W01018,
BHANDARI,EQ,3.15,3.15,2.95,3.05,3.05,3.05,58562,177417.05,22-MAR-2018,122,INE474E01029,
BHARATFIN,EQ,1081.95,1094.0,1073.2,1088.15,1085.95,1078.45,816998,888933436.3,22-MAR-2018,18844,INE180K01011,
BHARATFORG,EQ,703.0,709.65,691.0,698.65,700.05,703.55,1224364,857429429.35,22-MAR-2018,30895,INE465A01025,
BHARATGEAR,EQ,177.65,177.65,169.25,170.3,170.0,174.85,28714,4934752.1,22-MAR-2018,836,INE561C01019,
BHARATIWIN,EQ,35.12,35.28,34.9,34.92,34.9,35.12,274346,9604862.7,22-MAR-2018,1081,INF109KB15Y7,
BHARATRAS,EQ,4411.0,4499.9,4344.05,4434.05,4425.35,4369.25,497,2196184.05,22-MAR-2018,184,INE838B01013,
BHARATWIRE,EQ,112.95,112.95,109.1,109.7,109.3,111.15,81196,8962138.2,22-MAR-2018,520,INE316L01019,
BHARTIARTL,EQ,414.0,420.25,412.1,415.6,416.0,418.2,4850714,2018086895.3,22-MAR-2018,71771,INE397D01024,
BHEL,EQ,83.4,83.45,81.2,81.4,81.35,83.05,6440184,528825153.35,22-MAR-2018,23299,INE257A01026,
BHUSANSTL,EQ,40.95,40.95,39.3,39.5,39.4,40.5,1975046,78891145.55,22-MAR-2018,8603,INE824B01021,
BIGBLOC,EQ,175.0,177.7,171.55,172.65,172.6,175.05,53582,9401422.75,22-MAR-2018,897,INE412U01017,
BIL,EQ,420.0,429.95,403.0,407.6,408.75,423.7,9469,3904331.35,22-MAR-2018,434,INE828A01016,
BILENERGY,EQ,0.8,0.9,0.8,0.8,0.8,0.85,304502,243602.7,22-MAR-2018,144,INE607L01029,
BILPOWER,EQ,1.7,1.7,1.7,1.7,1.7,1.75,2,3.4,22-MAR-2018,1,INE952D01018,
BINANIIND,EQ,94.45,94.45,92.2,93.15,92.45,95.45,115041,10724870.45,22-MAR-2018,1183,INE071A01013,
BINDALAGRO,EQ,27.85,27.9,25.8,26.0,26.0,27.4,67052,1789260.15,22-MAR-2018,336,INE143A01010,
BIOCON,EQ,582.5,586.5,574.8,579.9,579.9,580.15,1430906,830147956.95,22-MAR-2018,25013,INE376G01013,
BIOFILCHEM,BE,14.7,14.9,14.25,14.25,14.25,14.25,145,2071.75,22-MAR-2018,4,INE829A01014,
BIRLACABLE,EQ,62.0,63.45,60.7,61.05,61.4,63.0,11337,700693.3,22-MAR-2018,134,INE800A01015,
BIRLACORPN,EQ,759.95,760.0,730.0,734.35,736.0,754.05,37388,27913404.8,22-MAR-2018,2540,INE340A01012,
BIRLAMONEY,EQ,61.1,61.35,58.4,59.25,59.0,61.1,69715,4180931.1,22-MAR-2018,908,INE865C01022,
BKMINDST,EQ,31.45,31.45,27.0,29.0,29.0,28.75,181295,4971714.45,22-MAR-2018,216,INE831Q01016,
BLBLIMITED,EQ,5.75,5.75,5.25,5.25,5.25,5.5,14592,78039.55,22-MAR-2018,35,INE791A01024,
BLISSGVS,EQ,196.2,204.9,196.1,201.35,201.5,196.2,279676,56117233.2,22-MAR-2018,6032,INE416D01022,
BLKASHYAP,EQ,39.25,39.65,37.75,38.0,37.85,38.8,314476,12086158.2,22-MAR-2018,1129,INE350H01032,
BLS,EQ,132.2,132.35,126.1,126.4,126.25,132.2,237897,30603351.7,22-MAR-2018,6766,INE153T01027,
BLUEBLENDS,EQ,19.4,20.25,19.25,19.25,19.25,20.25,6559,127083.65,22-MAR-2018,63,INE113O01014,
BLUECHIP,BE,0.05,0.05,0.05,0.05,0.05,0.1,2400,120.0,22-MAR-2018,2,INE657B01025,
BLUEDART,EQ,4000.0,4014.85,3925.95,3938.05,3930.0,3997.4,4515,17929525.0,22-MAR-2018,512,INE233B01017,
BLUESTARCO,EQ,770.1,777.7,754.05,759.4,755.1,769.85,20088,15372637.25,22-MAR-2018,1783,INE472A01039,
BODALCHEM,EQ,127.45,127.45,124.0,124.3,125.0,126.05,174138,21770016.4,22-MAR-2018,3469,INE338D01028,
BOMDYEING,EQ,259.0,262.6,249.25,250.05,249.5,258.65,2337158,596948923.35,22-MAR-2018,20108,INE032A01023,
BOSCHLTD,EQ,17650.0,17733.9,17250.0,17350.2,17315.0,17585.65,15389,268384648.75,22-MAR-2018,4626,INE323A01026,
BPCL,EQ,432.5,432.5,413.6,414.7,414.0,430.65,4748632,1985679089.15,22-MAR-2018,120506,INE029A01011,
BPL,EQ,78.0,78.45,74.4,74.85,75.1,77.3,623443,47453753.5,22-MAR-2018,5318,INE110A01019,
BRFL,EQ,49.9,50.45,46.85,47.7,47.85,48.05,317573,15592240.3,22-MAR-2018,2251,INE589G01011,
BRIGADE,EQ,254.05,258.2,254.05,256.0,256.0,255.9,69483,17787733.85,22-MAR-2018,3666,INE791I01019,
BRITANNIA,EQ,4855.0,4870.0,4820.5,4838.2,4839.0,4834.45,88523,428980077.5,22-MAR-2018,10343,INE216A01022,
BRNL,EQ,178.25,182.8,176.5,181.7,181.95,180.3,12282,2217897.95,22-MAR-2018,339,INE727S01012,
BROOKS,EQ,88.4,89.6,85.35,86.05,86.8,86.4,68263,5951775.6,22-MAR-2018,862,INE650L01011,
BSE,EQ,772.0,772.0,729.65,736.0,737.65,765.4,295483,221393218.75,22-MAR-2018,12362,INE118H01025,
BSELINFRA,EQ,4.0,4.05,3.75,3.8,3.8,3.9,147796,574486.65,22-MAR-2018,184,INE395A01016,
BSL,EQ,57.05,57.75,54.6,54.6,54.6,57.45,41502,2295423.25,22-MAR-2018,324,INE594B01012,
BSLGOLDETF,EQ,2805.0,2884.0,2805.0,2845.0,2845.0,2827.0,15,42752.0,22-MAR-2018,5,INF209K01HT2,
BSLNIFTY,EQ,111.99,113.95,105.1,105.35,105.35,105.0,134,14353.3,22-MAR-2018,15,INF209K01IR4,
BURNPUR,EQ,7.6,7.6,7.25,7.25,7.25,7.6,508956,3703490.55,22-MAR-2018,588,INE817H01014,
BUTTERFLY,EQ,496.0,504.45,482.0,484.2,483.0,490.6,15373,7569489.4,22-MAR-2018,563,INE295F01017,
BVCL,BE,28.0,29.4,27.55,28.8,29.4,28.25,5403,153771.1,22-MAR-2018,34,INE139I01011,
BYKE,EQ,165.95,172.7,161.1,163.75,163.95,164.0,130214,21788684.65,22-MAR-2018,2980,INE319B01014,
CADILAHC,EQ,379.85,383.65,375.75,377.3,376.6,379.75,432037,164278656.85,22-MAR-2018,25790,INE010B01027,
CALSOFT,EQ,45.05,47.65,44.6,44.75,44.7,46.9,13209,596183.95,22-MAR-2018,180,INE526B01014,
CAMLINFINE,EQ,97.25,97.5,94.5,95.1,95.35,96.8,340136,32487664.65,22-MAR-2018,4374,INE052I01032,
CANBK,EQ,259.0,259.0,253.5,254.65,253.65,257.7,5505051,1406446721.7,22-MAR-2018,36000,INE476A01014,
CANDC,EQ,51.95,51.95,49.0,49.35,49.0,50.6,110763,5529410.4,22-MAR-2018,431,INE874H01015,
CANFINHOME,EQ,520.5,521.35,509.9,511.25,511.25,521.35,698564,358816025.85,22-MAR-2018,10841,INE477A01020,
CANTABIL,EQ,121.1,121.1,113.25,115.25,115.0,119.0,147112,17217068.75,22-MAR-2018,301,INE068L01016,
CAPACITE,EQ,303.9,306.8,300.0,300.75,300.5,301.85,181252,54841019.45,22-MAR-2018,2494,INE264T01014,
CAPF,EQ,636.0,643.55,633.0,634.85,634.85,635.7,373735,237851781.25,22-MAR-2018,7244,INE688I01017,
CAPLIPOINT,EQ,574.95,576.55,564.05,569.3,567.0,568.45,19224,10944998.7,22-MAR-2018,1044,INE475E01026,
CAPTRUST,EQ,369.15,375.0,360.0,363.35,362.6,370.05,3974,1458485.3,22-MAR-2018,121,INE707C01018,
CARBORUNIV,EQ,340.0,347.9,340.0,344.25,343.2,341.1,40106,13794046.75,22-MAR-2018,1410,INE120A01034,
CAREERP,EQ,108.65,109.5,105.0,105.5,105.05,108.35,49288,5270843.4,22-MAR-2018,422,INE521J01018,
CARERATING,EQ,1270.0,1272.1,1242.5,1252.65,1249.75,1267.1,19336,24235777.4,22-MAR-2018,2866,INE752H01013,
CASTEXTECH,EQ,4.25,4.25,4.05,4.05,4.05,4.2,1042469,4283695.0,22-MAR-2018,1381,INE068D01021,
CASTROLIND,EQ,202.45,203.55,199.4,200.3,200.0,203.3,727003,146182075.35,22-MAR-2018,7007,INE172A01027,
CCCL,EQ,3.9,4.1,3.9,4.0,3.9,3.95,118026,469773.25,22-MAR-2018,73,INE429I01024,
CCHHL,EQ,12.25,12.3,11.6,11.9,11.9,12.15,122217,1474762.05,22-MAR-2018,317,INE652F01027,
CCL,EQ,290.45,294.4,274.95,277.05,278.3,289.35,94576,26567685.6,22-MAR-2018,3920,INE421D01022,
CDSL,EQ,282.05,285.8,281.0,284.85,284.85,280.65,354520,100528721.3,22-MAR-2018,6072,INE736A01011,
CEATLTD,EQ,1519.0,1526.5,1462.4,1473.0,1471.7,1515.75,500588,750597974.75,22-MAR-2018,16015,INE482A01020,
CEBBCO,EQ,14.5,15.3,14.4,14.95,14.75,14.9,33335,495924.3,22-MAR-2018,101,INE209L01016,
CELEBRITY,EQ,16.15,16.15,15.5,15.55,15.5,15.95,35092,555276.0,22-MAR-2018,98,INE185H01016,
CELESTIAL,EQ,14.8,15.0,14.2,14.45,14.75,14.8,61502,887302.05,22-MAR-2018,141,INE221I01017,
CENTENKA,EQ,312.0,312.0,302.9,304.9,302.9,309.0,25215,7722405.25,22-MAR-2018,557,INE485A01015,
CENTEXT,EQ,5.3,5.55,5.15,5.4,5.55,5.4,148611,788482.45,22-MAR-2018,183,INE281A01026,
CENTRALBK,EQ,74.0,75.95,73.0,75.5,74.5,74.15,7659268,571221362.3,22-MAR-2018,6844,INE483A01010,
CENTUM,EQ,509.0,515.85,500.0,501.4,500.0,508.0,8639,4343367.15,22-MAR-2018,226,INE320B01020,
CENTURYPLY,EQ,321.4,327.2,321.0,322.05,322.0,321.4,192208,62027473.95,22-MAR-2018,5018,INE348B01021,
CENTURYTEX,EQ,1163.0,1164.35,1138.0,1149.9,1146.15,1154.5,310217,356351455.55,22-MAR-2018,7933,INE055A01016,
CERA,EQ,3290.75,3297.95,3181.3,3225.35,3181.3,3285.85,23083,74887487.65,22-MAR-2018,1781,INE739E01017,
CEREBRAINT,EQ,51.85,52.55,50.45,51.05,51.5,52.05,575032,29672370.15,22-MAR-2018,1747,INE345B01019,
CESC,EQ,883.0,889.9,861.35,883.65,879.0,880.2,825739,726342283.45,22-MAR-2018,28027,INE486A01013,
CGCL,EQ,84.2,85.0,81.55,82.85,83.0,84.15,21050,1753253.25,22-MAR-2018,196,INE180C01026,
CGPOWER,EQ,77.25,77.6,75.75,76.15,75.9,77.05,978446,74863332.25,22-MAR-2018,8333,INE067A01029,
CHAMBLFERT,EQ,170.0,171.0,168.1,170.05,169.75,169.6,768983,130745221.4,22-MAR-2018,5754,INE085A01013,
CHENNPETRO,EQ,338.75,340.8,333.05,338.35,336.0,341.0,447524,150919798.95,22-MAR-2018,8478,INE178A01016,
CHOLAFIN,EQ,1454.5,1454.5,1416.15,1424.2,1426.95,1447.4,55150,78799140.95,22-MAR-2018,5320,INE121A01016,
CHROMATIC,BE,1.9,1.95,1.85,1.95,1.95,1.9,98446,185928.65,22-MAR-2018,57,INE662C01015,
CIGNITITEC,BE,257.0,258.0,243.1,254.95,253.0,255.0,25105,6383446.4,22-MAR-2018,100,INE675C01017,
CIMMCO,EQ,85.1,85.1,80.85,80.9,80.85,85.1,38170,3113831.45,22-MAR-2018,240,INE184C01028,
CINELINE,EQ,76.7,78.3,74.7,74.95,75.0,76.7,20692,1574096.6,22-MAR-2018,280,INE704H01022,
CINEVISTA,EQ,9.0,9.0,8.8,8.85,8.8,9.25,4030,35835.45,22-MAR-2018,25,INE039B01026,
CIPLA,EQ,551.9,555.0,538.15,540.75,540.5,551.05,1506405,821921006.35,22-MAR-2018,26789,INE059A01026,
CLEDUCATE,EQ,192.0,197.2,192.0,195.85,196.8,193.9,6001,1175157.3,22-MAR-2018,274,INE201M01011,
CLNINDIA,EQ,548.5,548.5,538.0,540.5,540.0,543.15,11541,6244164.8,22-MAR-2018,430,INE492A01029,
CMICABLES,EQ,226.6,230.1,220.2,221.45,223.8,225.65,12395,2771487.2,22-MAR-2018,260,INE981B01011,
CNOVAPETRO,EQ,32.0,33.75,31.05,31.45,31.1,32.25,7270,230089.15,22-MAR-2018,78,INE672K01025,
COALINDIA,EQ,270.0,273.45,268.0,269.4,269.05,270.9,3383841,914421145.45,22-MAR-2018,42968,INE522F01014,
COCHINSHIP,EQ,503.95,506.7,497.75,498.3,498.0,504.05,250262,125195970.05,22-MAR-2018,3743,INE704P01017,
COFFEEDAY,EQ,310.9,311.0,301.1,303.2,301.35,308.35,79917,24335654.95,22-MAR-2018,1782,INE335K01011,
COLPAL,EQ,1042.0,1051.8,1023.2,1045.2,1046.0,1042.9,496563,516976580.65,22-MAR-2018,34230,INE259A01022,
COMPINFO,EQ,38.0,39.55,36.8,37.1,36.8,38.7,69641,2645944.2,22-MAR-2018,491,INE070C01037,
COMPUSOFT,EQ,12.0,12.0,11.5,11.55,11.55,11.8,44438,515724.0,22-MAR-2018,127,INE453B01029,
CONCOR,EQ,1185.0,1193.9,1167.65,1180.95,1185.0,1184.65,304192,358302240.05,22-MAR-2018,17108,INE111A01017,
CONSOFINVT,EQ,65.65,66.05,64.9,65.0,65.0,66.45,2429,158756.9,22-MAR-2018,50,INE025A01027,
CONTROLPR,EQ,426.05,435.8,426.05,430.65,430.0,426.45,35093,15168544.1,22-MAR-2018,2680,INE663B01015,
CORALFINAC,EQ,35.9,36.6,34.9,35.45,35.15,35.2,136853,4862368.3,22-MAR-2018,345,INE558D01021,
CORDSCABLE,EQ,78.5,80.25,77.15,78.05,77.75,77.15,12092,949936.35,22-MAR-2018,207,INE792I01017,
COROMANDEL,EQ,532.0,532.0,508.6,520.1,521.0,524.2,110207,57330261.9,22-MAR-2018,7248,INE169A01031,
CORPBANK,EQ,32.0,32.0,30.6,30.75,30.6,31.35,515652,16081174.15,22-MAR-2018,1732,INE112A01023,
COSMOFILMS,EQ,264.4,264.4,253.4,255.5,253.4,262.6,40367,10470029.0,22-MAR-2018,1016,INE757A01017,
COUNCODOS,EQ,3.0,3.1,2.95,2.95,2.95,3.1,6735,20196.65,22-MAR-2018,19,INE695B01025,
COX&KINGS,EQ,245.85,247.5,238.05,240.8,242.0,243.8,182134,44151826.1,22-MAR-2018,3400,INE008I01026,
CPSEETF,EQ,27.7,28.03,27.58,27.61,27.65,27.66,1562987,43450254.66,22-MAR-2018,1224,INF457M01133,
CREST,EQ,195.9,195.9,186.4,193.05,193.7,192.2,10347,1959675.15,22-MAR-2018,245,INE559D01011,
CRISIL,EQ,1959.75,1959.75,1939.9,1951.55,1950.0,1952.35,3691,7202410.7,22-MAR-2018,843,INE007A01025,
CRMFGETF,EQ,2855.0,2855.0,2855.0,2855.0,2855.0,2835.0,1,2855.0,22-MAR-2018,1,INF760K01BR1,
CROMPTON,EQ,231.95,242.5,227.75,239.2,242.25,232.45,642096,150934808.2,22-MAR-2018,13584,INE299U01018,
CTE,EQ,67.0,67.85,66.55,66.65,66.55,67.9,1180,78797.15,22-MAR-2018,41,INE627H01017,
CUB,EQ,176.95,177.65,172.55,173.9,173.1,176.8,311924,54612982.1,22-MAR-2018,7175,INE491A01021,
CUBEXTUB,BE,20.5,21.0,20.25,21.0,21.0,21.3,347,7056.75,22-MAR-2018,6,INE144D01012,
CUMMINSIND,EQ,747.4,747.4,727.55,732.95,734.25,742.8,497158,364940215.65,22-MAR-2018,11051,INE298A01020,
CUPID,EQ,265.05,266.0,260.3,262.25,261.0,261.15,16622,4366811.95,22-MAR-2018,581,INE509F01011,
CYBERMEDIA,BE,13.0,13.0,12.5,13.0,13.0,12.85,6387,82772.5,22-MAR-2018,7,INE278G01037,
CYBERTECH,EQ,62.45,62.6,58.55,58.9,58.95,62.15,28758,1720226.05,22-MAR-2018,297,INE214A01019,
CYIENT,EQ,660.0,673.45,652.55,659.6,658.95,651.2,235977,156955752.95,22-MAR-2018,13547,INE136B01020,
DAAWAT,EQ,89.0,89.6,87.1,87.55,87.2,88.95,573004,50404833.05,22-MAR-2018,4243,INE818H01020,
DABUR,EQ,320.8,324.0,315.25,316.95,318.05,322.45,2546884,811627059.9,22-MAR-2018,29761,INE016A01026,
DALMIABHA,EQ,2879.0,2890.1,2811.75,2846.9,2855.0,2875.8,202956,577422173.85,22-MAR-2018,6508,INE439L01019,
DALMIASUG,EQ,77.0,78.8,73.3,74.2,74.0,77.55,90461,6874618.05,22-MAR-2018,1215,INE495A01022,
DAMODARIND,EQ,133.8,133.8,131.2,131.55,131.5,132.85,27021,3563569.45,22-MAR-2018,226,INE497D01014,
DATAMATICS,EQ,109.6,110.65,106.95,107.55,106.95,109.2,60803,6584825.75,22-MAR-2018,1053,INE365B01017,
DBCORP,EQ,307.5,308.9,297.0,301.2,300.0,308.65,31699,9616312.15,22-MAR-2018,994,INE950I01011,
DBL,EQ,974.8,995.0,974.75,981.75,978.0,974.8,322670,318235543.4,22-MAR-2018,14132,INE917M01012,
DBREALTY,EQ,48.0,48.35,46.3,46.3,46.3,48.7,1150103,53432356.75,22-MAR-2018,2448,INE879I01012,
DBSTOCKBRO,EQ,8.7,8.7,8.7,8.7,8.7,8.75,29,252.3,22-MAR-2018,1,INE921B01025,
DCAL,EQ,308.25,308.95,296.65,305.45,305.5,303.9,300846,91542503.95,22-MAR-2018,3560,INE385W01011,
DCBBANK,EQ,163.05,166.5,162.2,163.3,163.0,163.15,810055,132835871.45,22-MAR-2018,9946,INE503A01015,
DCM,EQ,94.45,95.75,93.1,93.65,93.1,94.8,15502,1465019.5,22-MAR-2018,174,INE498A01018,
DCMFINSERV,BE,2.15,2.15,2.15,2.15,2.15,3.75,683,1468.45,22-MAR-2018,3,INE891B01012,
DCMSHRIRAM,EQ,437.4,437.4,404.1,407.15,407.0,431.65,153564,63978484.9,22-MAR-2018,10004,INE499A01024,
DCW,EQ,33.45,33.65,31.75,31.95,31.9,33.35,614551,19877163.45,22-MAR-2018,1002,INE500A01029,
DECCANCE,EQ,521.05,534.85,512.3,517.5,512.3,526.5,13980,7292830.35,22-MAR-2018,216,INE583C01021,
DEEPAKFERT,EQ,318.9,318.9,306.0,307.85,308.5,315.3,102001,31821676.35,22-MAR-2018,4396,INE501A01019,
DEEPAKNTR,EQ,258.0,258.8,251.35,253.05,253.75,255.7,63896,16282835.35,22-MAR-2018,3252,INE288B01029,
DEEPIND,EQ,160.05,171.95,159.65,161.5,161.75,157.35,232996,38382536.4,22-MAR-2018,3693,INE677H01012,
DELTACORP,EQ,299.5,304.3,291.0,293.15,291.1,299.7,1925875,569987503.8,22-MAR-2018,28306,INE124G01033,
DELTAMAGNT,BE,58.0,63.3,58.0,58.0,58.0,60.3,152,9091.6,22-MAR-2018,3,INE393A01011,
DEN,EQ,92.0,92.5,89.05,90.0,89.5,92.3,119056,10782017.8,22-MAR-2018,1670,INE947J01015,
DENABANK,EQ,19.6,19.75,19.0,19.05,19.05,19.5,1694813,32648675.55,22-MAR-2018,3131,INE077A01010,
DENORA,BE,451.3,451.3,431.3,434.45,437.95,454.0,5402,2364426.05,22-MAR-2018,181,INE244A01016,
DFMFOODS,EQ,1522.8,1571.0,1480.05,1501.75,1492.0,1542.85,1490,2259941.7,22-MAR-2018,243,INE456C01012,
DHAMPURSUG,EQ,158.9,158.9,148.0,148.7,148.0,156.25,331815,50132169.4,22-MAR-2018,5965,INE041A01016,
DHANBANK,EQ,23.0,23.7,22.0,22.4,22.45,22.6,1070406,24501172.85,22-MAR-2018,2830,INE680A01011,
DHANUKA,EQ,570.0,580.0,570.0,570.65,570.5,568.2,10547,6057235.0,22-MAR-2018,2353,INE435G01025,
DHARSUGAR,EQ,17.1,17.5,16.95,17.05,16.95,17.1,20612,353538.35,22-MAR-2018,136,INE988C01014,
DHFL,EQ,523.45,533.0,516.25,517.7,517.0,520.2,5897227,3092717189.15,22-MAR-2018,52600,INE202B01012,
DHUNINV,EQ,405.0,405.9,379.95,394.55,385.5,400.0,12148,4750139.7,22-MAR-2018,367,INE320L01011,
DIAMONDYD,EQ,1304.4,1308.9,1298.1,1300.55,1307.0,1300.95,3379,4396272.7,22-MAR-2018,334,INE393P01035,
DIAPOWER,EQ,10.2,10.5,9.3,9.5,9.5,10.2,472894,4548723.4,22-MAR-2018,1655,INE989C01012,
DICIND,EQ,485.25,490.05,463.05,471.15,470.0,492.2,3956,1877555.7,22-MAR-2018,347,INE303A01010,
DIGJAMLTD,EQ,9.85,9.85,9.3,9.3,9.3,9.75,219091,2065296.35,22-MAR-2018,480,INE731U01010,
DISHTV,EQ,66.0,68.0,65.65,67.25,67.15,66.0,4160585,279038648.05,22-MAR-2018,15220,INE836F01026,
DIVISLAB,EQ,1083.0,1096.9,1066.1,1068.8,1069.0,1085.95,422829,455154587.1,22-MAR-2018,19312,INE361B01024,
DIXON,EQ,3332.75,3398.0,3215.0,3291.4,3330.0,3307.95,12170,40026955.65,22-MAR-2018,2051,INE935N01012,
DLF,EQ,216.1,217.45,212.0,213.2,213.8,216.05,4863917,1044606523.5,22-MAR-2018,36234,INE271C01023,
DLINKINDIA,EQ,86.6,88.0,83.0,83.6,84.0,86.6,164767,13986062.85,22-MAR-2018,1644,INE250K01012,
DMART,EQ,1340.0,1345.7,1311.05,1320.45,1320.1,1339.6,501773,665891575.55,22-MAR-2018,17400,INE192R01011,
DNAMEDIA,EQ,7.6,8.05,7.6,7.7,7.7,7.8,26933,210664.65,22-MAR-2018,132,INE016M01021,
DOLLAR,EQ,421.9,423.0,410.0,411.05,410.0,419.05,17666,7299906.15,22-MAR-2018,207,INE325C01035,
DOLPHINOFF,EQ,85.4,88.9,83.6,84.55,83.75,82.15,731874,63062572.1,22-MAR-2018,8824,INE920A01011,
DONEAR,EQ,50.15,51.0,49.5,50.1,49.9,51.0,92782,4634586.0,22-MAR-2018,243,INE668D01028,
DPL,EQ,135.6,139.9,133.1,134.55,135.0,136.6,29106,3948438.05,22-MAR-2018,354,INE477B01010,
DPSCLTD,EQ,27.55,27.8,27.0,27.55,27.55,27.7,110470,3036078.8,22-MAR-2018,160,INE360C01024,
DQE,EQ,13.0,13.05,12.15,12.2,12.15,12.75,66279,812339.25,22-MAR-2018,125,INE656K01010,
DREDGECORP,EQ,649.4,649.4,622.0,625.5,624.9,645.4,130169,82829103.15,22-MAR-2018,4780,INE506A01018,
DRREDDY,EQ,2139.0,2150.75,2097.1,2108.3,2110.0,2141.7,410402,871960953.05,22-MAR-2018,28329,INE089A01023,
DSSL,EQ,37.4,38.95,37.4,37.55,37.55,38.1,2606,98602.75,22-MAR-2018,39,INE417B01040,
DTIL,EQ,294.0,294.0,281.4,284.05,283.95,287.9,4092,1170721.7,22-MAR-2018,83,INE341R01014,
DUCON,EQ,32.35,33.2,30.6,31.05,30.85,31.85,120923,3869753.65,22-MAR-2018,633,INE741L01018,
DWARKESH,EQ,28.45,28.45,26.55,26.65,26.7,28.05,1063651,28859843.15,22-MAR-2018,3863,INE366A01041,
DYNAMATECH,EQ,1671.0,1687.45,1660.5,1664.0,1662.0,1686.65,1805,3012462.35,22-MAR-2018,212,INE221B01012,
DYNPRO,EQ,192.9,193.8,184.0,185.55,184.0,190.6,7117,1339199.75,22-MAR-2018,259,INE256H01015,
EASTSILK,EQ,4.15,4.15,3.8,4.0,4.0,4.0,51917,204157.5,22-MAR-2018,70,INE962C01027,
EASUNREYRL,EQ,14.25,15.0,14.25,14.35,14.35,14.8,7450,108495.45,22-MAR-2018,23,INE268C01029,
EBANK,EQ,2302.0,2302.0,2182.99,2182.99,2182.99,2338.33,6,13692.99,22-MAR-2018,2,INF754K01EL1,
ECEIND,EQ,319.3,319.3,298.0,302.45,298.0,317.35,237,73197.45,22-MAR-2018,53,INE588B01014,
ECLERX,EQ,1200.0,1213.0,1195.5,1198.6,1197.0,1200.65,58024,69677724.75,22-MAR-2018,4300,INE738I01010,
EDELWEISS,EQ,248.9,251.5,235.9,236.5,237.15,245.65,2678455,648409414.15,22-MAR-2018,54809,INE532F01054,
EDL,BE,34.35,34.35,33.0,33.55,33.4,33.9,36726,1230258.7,22-MAR-2018,174,INE180G01019,
EICHERMOT,EQ,27974.25,28488.0,27925.35,28030.5,28014.0,27980.85,26132,737343834.1,22-MAR-2018,10531,INE066A01013,
EIDPARRY,EQ,279.0,280.0,272.55,276.85,278.0,276.55,72605,20131371.8,22-MAR-2018,2426,INE126A01031,
EIHAHOTELS,EQ,484.15,526.15,484.15,493.5,491.15,487.2,79229,40270255.5,22-MAR-2018,4142,INE276C01014,
EIHOTEL,EQ,166.6,166.6,163.55,164.35,164.3,165.0,49768,8207467.4,22-MAR-2018,1177,INE230A01023,
EIMCOELECO,EQ,424.0,426.95,416.0,417.35,416.0,424.4,2029,858791.55,22-MAR-2018,106,INE158B01016,
EKC,EQ,45.9,45.9,44.25,44.85,44.25,45.05,336561,15147010.9,22-MAR-2018,1985,INE184H01027,
ELAND,EQ,13.15,13.5,12.8,12.85,12.8,13.25,64680,839490.7,22-MAR-2018,149,INE311H01018,
ELECON,EQ,78.05,78.65,74.5,75.1,75.15,77.2,283442,21486401.9,22-MAR-2018,1864,INE205B01023,
ELECTCAST,EQ,27.05,27.15,26.0,26.15,26.3,26.95,313448,8332070.4,22-MAR-2018,1033,INE086A01029,
ELECTHERM,EQ,138.0,142.0,138.0,138.05,138.0,139.4,1422,198943.45,22-MAR-2018,52,INE822G01016,
ELGIEQUIP,EQ,262.75,264.9,255.1,255.8,255.4,262.6,13248,3418240.45,22-MAR-2018,580,INE285A01027,
ELGIRUBCO,EQ,39.55,40.4,39.25,40.25,40.35,39.15,663968,26432996.7,22-MAR-2018,367,INE819L01012,
EMAMIINFRA,EQ,269.6,273.5,261.4,263.7,263.95,270.0,33261,8864125.15,22-MAR-2018,905,INE778K01012,
EMAMILTD,EQ,1056.0,1073.9,1050.0,1056.85,1053.0,1056.1,42310,44980141.0,22-MAR-2018,3765,INE548C01032,
EMCO,EQ,10.75,11.0,10.2,10.65,10.6,10.75,580284,6070695.55,22-MAR-2018,1294,INE078A01026,
EMKAY,EQ,165.6,166.2,160.0,161.1,161.0,164.0,23604,3843435.6,22-MAR-2018,451,INE296H01011,
EMMBI,EQ,171.25,173.0,169.0,169.8,169.6,171.55,10626,1825948.8,22-MAR-2018,196,INE753K01015,
ENDURANCE,EQ,1189.8,1199.75,1167.4,1194.9,1195.0,1183.4,16302,19379884.85,22-MAR-2018,1372,INE913H01037,
ENERGYDEV,EQ,19.7,19.7,18.65,18.8,18.8,19.35,49866,938745.3,22-MAR-2018,242,INE306C01019,
ENGINERSIN,EQ,155.25,155.85,152.2,154.05,154.0,155.25,1827544,281815029.0,22-MAR-2018,11639,INE510A01028,
ENIL,EQ,694.95,699.0,682.0,690.0,690.0,694.65,6587,4544139.6,22-MAR-2018,410,INE265F01028,
EON,EQ,82.45,82.45,77.8,79.8,79.05,79.45,9398,743328.7,22-MAR-2018,164,INE076H01025,
EQ30,EQ,255.0,260.0,255.0,259.84,260.0,249.1,332,86268.95,22-MAR-2018,4,INF754K01EM9,
EQUITAS,EQ,140.4,141.95,138.65,141.4,141.2,140.35,1322542,185917969.75,22-MAR-2018,7449,INE988K01017,
ERIS,EQ,803.8,803.8,778.0,783.35,783.0,796.65,11869,9335376.35,22-MAR-2018,1556,INE406M01024,
EROSMEDIA,EQ,175.9,180.0,170.65,171.6,171.6,175.7,549127,95832046.35,22-MAR-2018,5786,INE416L01017,
ESABINDIA,EQ,770.55,778.6,751.25,761.15,751.3,784.55,3064,2347354.35,22-MAR-2018,228,INE284A01012,
ESCORTS,EQ,828.0,828.0,807.55,809.45,810.75,826.2,545598,444064947.45,22-MAR-2018,13247,INE042A01014,
ESL,EQ,2.2,2.3,2.15,2.2,2.15,2.25,9714476,21411530.0,22-MAR-2018,1639,INE481K01013,
ESSARSHPNG,EQ,24.2,24.2,22.75,23.35,23.45,23.7,949073,21622684.0,22-MAR-2018,280,INE122M01019,
ESSDEE,BE,46.2,46.2,42.75,44.05,44.3,44.95,12334,539330.25,22-MAR-2018,106,INE825H01017,
ESSELPACK,EQ,254.75,254.75,244.5,247.05,245.5,252.8,25715,6388291.85,22-MAR-2018,1216,INE255A01020,
ESTER,EQ,71.5,71.5,68.4,69.5,68.4,70.4,76268,5356274.4,22-MAR-2018,669,INE778B01029,
EUROCERA,EQ,5.05,5.85,5.05,5.6,5.65,5.35,87410,500705.45,22-MAR-2018,192,INE649H01011,
EUROTEXIND,EQ,34.1,34.1,31.4,32.0,32.75,33.9,2333,74807.25,22-MAR-2018,38,INE022C01012,
EVEREADY,EQ,386.0,389.3,372.0,376.25,374.1,385.9,35857,13566678.35,22-MAR-2018,2138,INE128A01029,
EVERESTIND,EQ,483.0,487.0,468.4,471.85,468.4,476.1,27010,12910200.3,22-MAR-2018,1137,INE295A01018,
EXCEL,EQ,24.7,25.4,23.75,23.8,23.75,25.0,58659,1413262.8,22-MAR-2018,325,INE688J01015,
EXCELCROP,EQ,3230.0,3275.85,3135.0,3162.9,3150.0,3233.65,6170,19571030.7,22-MAR-2018,486,INE223G01017,
EXCELINDUS,EQ,899.0,900.0,870.1,876.05,872.05,891.45,11318,10028186.1,22-MAR-2018,758,INE369A01029,
EXIDEIND,EQ,217.0,218.7,215.75,217.4,217.2,216.9,2835573,615991436.7,22-MAR-2018,29553,INE302A01020,
FACT,EQ,53.45,54.85,52.5,52.75,53.3,52.45,148708,7951520.05,22-MAR-2018,1406,INE188A01015,
FAIRCHEM,EQ,382.0,398.2,379.0,381.2,379.0,386.15,9427,3670651.0,22-MAR-2018,289,INE959A01019,
FCL,EQ,63.4,63.4,59.2,59.35,59.2,62.3,638798,38543050.35,22-MAR-2018,4007,INE045J01026,
FCONSUMER,EQ,55.0,55.2,53.05,53.4,53.65,54.8,5128499,276102471.75,22-MAR-2018,11549,INE220J01025,
FCSSOFT,BE,0.35,0.4,0.3,0.3,0.35,0.35,1113993,364928.6,22-MAR-2018,185,INE512B01022,
FDC,EQ,268.4,268.4,256.8,260.35,258.65,266.05,79858,20917321.7,22-MAR-2018,3675,INE258B01022,
FEDDERELEC,EQ,63.55,64.25,62.5,63.15,63.3,63.1,79955,5066943.45,22-MAR-2018,685,INE249C01011,
FEDERALBNK,EQ,91.6,91.6,90.55,90.85,90.7,90.95,4401877,400843653.15,22-MAR-2018,17758,INE171A01029,
FEL,EQ,39.35,39.8,38.1,38.7,38.15,38.95,1130073,43770483.3,22-MAR-2018,4693,INE623B01027,
FELDVR,EQ,38.5,38.5,36.75,37.1,36.95,37.65,20341,758983.25,22-MAR-2018,131,IN9623B01058,
FIEMIND,EQ,840.0,840.0,825.65,833.35,830.05,835.55,5046,4188340.3,22-MAR-2018,285,INE737H01014,
FILATEX,EQ,158.45,161.2,155.0,155.8,156.2,158.2,40965,6424383.2,22-MAR-2018,5565,INE816B01019,
FINCABLES,EQ,648.85,648.85,635.0,637.1,637.0,641.95,85656,54586957.5,22-MAR-2018,2110,INE235A01022,
FINPIPE,EQ,676.0,676.0,665.2,672.05,665.2,673.1,276586,185853451.8,22-MAR-2018,2450,INE183A01016,
FLEXITUFF,EQ,60.45,60.45,56.5,57.4,56.5,57.6,5550,325181.8,22-MAR-2018,236,INE060J01017,
FLFL,EQ,419.0,420.75,394.3,397.1,396.0,416.2,608518,247856123.65,22-MAR-2018,4181,INE452O01016,
FMGOETZE,EQ,440.0,443.15,425.0,429.15,428.0,441.2,11999,5223487.7,22-MAR-2018,961,INE529A01010,
FMNL,EQ,131.4,138.15,126.25,130.95,128.5,125.6,781860,104060738.35,22-MAR-2018,10847,INE360L01017,
FORTIS,EQ,156.0,157.2,153.45,154.6,153.5,155.95,6066648,943634425.05,22-MAR-2018,21779,INE061F01013,
FORTUNEFIN,EQ,224.0,227.9,212.55,216.85,215.6,226.0,24054,5226575.35,22-MAR-2018,104,INE924D01017,
FOSECOIND,EQ,1528.05,1528.05,1479.9,1490.45,1509.0,1509.1,687,1029573.65,22-MAR-2018,117,INE519A01011,
FRETAIL,EQ,538.0,543.95,532.6,535.8,535.0,534.75,389487,209520345.0,22-MAR-2018,7844,INE752P01024,
FSC,EQ,693.9,694.9,680.55,686.95,685.0,696.05,41858,28849541.75,22-MAR-2018,1602,INE935Q01015,
FSL,EQ,50.25,50.3,49.5,49.85,49.7,50.05,4054359,202481557.5,22-MAR-2018,13505,INE684F01012,
GABRIEL,EQ,139.8,141.85,136.55,137.3,137.35,138.5,116637,16261643.5,22-MAR-2018,2869,INE524A01029,
GAEL,EQ,262.05,262.9,251.1,252.8,252.0,261.45,103533,26579065.0,22-MAR-2018,2586,INE036B01022,
GAIL,EQ,438.15,441.0,435.55,438.4,438.1,435.05,2574726,1130646760.6,22-MAR-2018,36905,INE129A01019,
GAL,BE,6.7,7.0,6.45,6.55,6.75,6.7,40928,274004.35,22-MAR-2018,67,INE482J01021,
GALAXYSURF,EQ,1523.35,1548.0,1515.05,1535.05,1540.0,1529.5,33904,51684199.15,22-MAR-2018,3054,INE600K01018,
GALLANTT,BE,41.55,42.1,41.5,41.75,41.75,42.5,63863,2658505.3,22-MAR-2018,35,INE297H01019,
GALLISPAT,EQ,282.95,290.0,271.0,277.0,278.0,277.4,4428,1242081.35,22-MAR-2018,176,INE528K01011,
GAMMNINFRA,EQ,2.5,2.55,2.25,2.3,2.35,2.45,4838544,11417490.3,22-MAR-2018,4977,INE181G01025,
GANDHITUBE,EQ,403.05,405.0,403.0,403.15,403.15,407.25,188,75849.7,22-MAR-2018,27,INE524B01027,
GANECOS,EQ,319.3,326.9,319.3,322.85,325.0,327.0,28938,9332904.9,22-MAR-2018,203,INE845D01014,
GANESHHOUC,EQ,130.8,132.0,126.5,127.65,127.0,129.45,105861,13656093.9,22-MAR-2018,1260,INE460C01014,
GANGESSECU,EQ,73.2,78.0,73.2,75.75,78.0,74.5,10524,796108.35,22-MAR-2018,14,INE335W01016,
GARDENSILK,EQ,34.05,34.5,33.25,33.65,33.3,33.25,202935,6841633.6,22-MAR-2018,696,INE526A01016,
GARWALLROP,EQ,933.5,933.5,924.25,928.45,925.0,929.45,10932,10136315.1,22-MAR-2018,332,INE276A01018,
GATI,EQ,101.25,102.0,99.6,100.0,99.95,101.25,325482,32688700.45,22-MAR-2018,3436,INE152B01027,
GAYAPROJ,EQ,189.95,192.45,187.15,188.95,188.95,189.85,175467,33172114.2,22-MAR-2018,3792,INE336H01023,
GDL,EQ,186.5,188.4,177.85,179.0,179.0,187.35,265526,47707880.7,22-MAR-2018,8608,INE852F01015,
GEECEE,EQ,132.7,133.65,126.3,127.7,128.0,131.15,12531,1613634.75,22-MAR-2018,270,INE916G01016,
GEMINI,BE,1.2,1.2,1.15,1.15,1.15,1.2,4001,4601.2,22-MAR-2018,2,INE878C01033,
GENESYS,EQ,266.6,266.6,257.05,258.05,257.5,260.3,37636,9769247.55,22-MAR-2018,924,INE727B01026,
GENUSPAPER,EQ,12.95,13.2,12.35,12.4,12.4,12.65,179381,2275490.35,22-MAR-2018,333,INE949P01018,
GENUSPOWER,EQ,52.5,55.8,52.5,53.1,53.5,52.95,560263,30326892.7,22-MAR-2018,2710,INE955D01029,
GEOJITFSL,EQ,97.8,97.8,91.05,93.15,93.5,97.55,125159,11851929.7,22-MAR-2018,1389,INE007B01023,
GEPIL,EQ,836.45,851.0,830.1,846.75,850.0,828.2,22294,18721385.95,22-MAR-2018,1994,INE878A01011,
GESHIP,EQ,348.45,348.45,339.95,341.0,340.6,345.05,147082,50078111.1,22-MAR-2018,7276,INE017A01032,
GET&D,EQ,383.85,390.3,378.75,384.65,384.0,380.45,72103,27820598.2,22-MAR-2018,2276,INE200A01026,
GHCL,EQ,290.9,291.0,276.5,279.2,279.0,286.8,1384305,394308072.5,22-MAR-2018,7545,INE539A01019,
GICHSGFIN,EQ,369.8,375.0,362.4,363.55,362.8,368.35,119273,43875098.2,22-MAR-2018,3354,INE289B01019,
GICRE,EQ,705.05,707.4,700.25,705.05,705.05,705.05,47290,33301585.65,22-MAR-2018,1730,INE481Y01014,
GILLANDERS,EQ,65.4,65.5,63.55,63.9,63.55,63.95,8272,534321.6,22-MAR-2018,25,INE047B01011,
GILLETTE,EQ,6402.5,6499.0,6400.1,6461.45,6431.8,6464.25,5682,36625236.95,22-MAR-2018,1517,INE322A01010,
GINNIFILA,EQ,30.1,30.55,29.1,29.3,29.35,30.1,98385,2928397.1,22-MAR-2018,612,INE424C01010,
GIPCL,EQ,99.7,101.6,98.85,99.15,99.15,99.45,87321,8756374.1,22-MAR-2018,887,INE162A01010,
GITANJALI,EQ,10.1,10.1,10.1,10.1,10.1,10.6,37239,376113.9,22-MAR-2018,219,INE346H01014,
GKWLIMITED,EQ,560.0,593.0,560.0,565.05,564.0,560.0,15164,8773388.3,22-MAR-2018,158,INE528A01020,
GLAXO,EQ,2230.0,2230.0,2201.0,2215.05,2205.05,2224.5,9254,20469644.55,22-MAR-2018,1206,INE159A01016,
GLENMARK,EQ,541.1,549.8,541.1,544.85,543.8,545.1,676044,369699018.6,22-MAR-2018,48808,INE935A01035,
GLOBALVECT,EQ,126.35,128.9,124.05,126.0,126.0,126.35,24485,3085245.5,22-MAR-2018,848,INE792H01019,
GLOBOFFS,EQ,24.55,25.2,23.35,23.45,23.9,24.55,72501,1750374.4,22-MAR-2018,248,INE446C01013,
GLOBUSSPR,EQ,121.2,122.0,117.5,119.3,119.05,121.65,68833,8287565.9,22-MAR-2018,513,INE615I01010,
GMBREW,EQ,996.5,1015.0,995.95,1004.1,1003.0,996.55,34111,34294201.35,22-MAR-2018,1427,INE075D01018,
GMDCLTD,EQ,126.45,127.5,124.0,125.95,126.05,125.95,157735,19794876.6,22-MAR-2018,3221,INE131A01031,
GMMPFAUDLR,EQ,689.0,695.0,676.3,676.5,677.15,689.8,1262,859342.85,22-MAR-2018,44,INE541A01023,
GMRINFRA,EQ,17.95,18.1,17.3,17.5,17.5,17.95,27826430,489958781.45,22-MAR-2018,13175,INE776C01039,
GNA,EQ,439.0,442.0,430.0,431.1,430.0,438.05,16741,7294614.3,22-MAR-2018,779,INE934S01014,
GNFC,EQ,405.0,409.2,394.0,396.6,394.85,403.85,898285,360188251.7,22-MAR-2018,18978,INE113A01013,
GOACARBON,EQ,915.0,917.0,883.15,890.35,890.4,904.5,93802,84217776.55,22-MAR-2018,3470,INE426D01013,
GOCLCORP,EQ,520.05,525.0,508.0,509.3,509.0,521.35,29046,14964700.95,22-MAR-2018,239,INE077F01035,
GODFRYPHLP,EQ,836.1,840.0,809.05,813.55,810.2,835.2,54877,45090573.5,22-MAR-2018,2554,INE260B01028,
GODREJAGRO,EQ,647.4,653.4,635.45,643.55,642.05,643.45,138354,89202891.45,22-MAR-2018,4733,INE850D01014,
GODREJCP,EQ,1074.0,1086.95,1071.15,1084.05,1085.0,1076.55,568997,615286771.4,22-MAR-2018,32884,INE102D01028,
GODREJIND,EQ,521.9,535.0,515.45,528.35,529.2,525.55,661036,347518979.3,22-MAR-2018,16840,INE233A01035,
GODREJPROP,EQ,736.3,750.0,732.05,738.45,738.0,739.7,56579,41902350.7,22-MAR-2018,3440,INE484J01027,
GOKEX,EQ,88.75,89.3,85.15,85.95,85.6,89.05,59704,5198652.65,22-MAR-2018,678,INE887G01027,
GOKUL,EQ,14.2,14.25,13.55,13.7,13.9,14.25,5412,74682.95,22-MAR-2018,36,INE020J01029,
GOKULAGRO,EQ,21.4,21.4,20.0,20.5,20.45,21.05,22422,464550.85,22-MAR-2018,136,INE314T01025,
GOLDBEES,EQ,2728.1,2741.8,2728.1,2735.1,2734.9,2717.4,27455,75089970.2,22-MAR-2018,1656,INF732E01102,
GOLDIAM,EQ,66.55,67.5,65.0,65.25,65.0,66.5,14876,981663.55,22-MAR-2018,162,INE025B01017,
GOLDINFRA,EQ,195.0,198.0,184.5,186.9,186.85,183.05,315579,60533907.65,22-MAR-2018,4665,INE260D01016,
GOLDIWIN,EQ,279.95,279.95,278.05,278.15,278.05,276.9,971,270433.65,22-MAR-2018,31,INF109KB1WF4,
GOLDSHARE,EQ,2725.1,2745.0,2725.1,2731.25,2730.1,2715.05,572,1566390.6,22-MAR-2018,86,INF789F01059,
GOLDTECH,EQ,13.45,13.5,12.45,12.55,12.45,13.1,13638,172253.0,22-MAR-2018,42,INE805A01014,
GOODLUCK,BE,89.0,91.75,88.0,88.5,89.95,89.9,20094,1794453.05,22-MAR-2018,722,INE127I01024,
GPIL,EQ,485.0,485.25,464.1,466.3,466.15,481.25,93012,44012435.65,22-MAR-2018,2595,INE177H01013,
GPPL,EQ,133.0,135.8,131.1,135.15,135.8,132.05,201348,26914928.0,22-MAR-2018,3148,INE517F01014,
GPTINFRA,EQ,191.9,191.9,187.55,189.3,189.9,192.4,20086,3807794.75,22-MAR-2018,348,INE390G01014,
GRANULES,EQ,107.1,107.65,104.4,104.75,104.5,107.05,1598787,169167091.15,22-MAR-2018,13387,INE101D01020,
GRAPHITE,EQ,758.0,763.6,722.4,725.95,724.0,757.9,1727846,1270583131.7,22-MAR-2018,44400,INE371A01025,
GRASIM,EQ,1100.0,1100.0,1085.2,1092.9,1091.55,1094.7,1317448,1437207205.85,22-MAR-2018,63131,INE047A01021,
GRAVITA,EQ,157.9,167.6,152.0,159.25,158.15,156.25,320308,51654602.15,22-MAR-2018,4855,INE024L01027,
GREAVESCOT,EQ,117.4,118.4,115.7,116.9,117.25,117.45,424582,49635370.05,22-MAR-2018,3107,INE224A01026,
GREENLAM,EQ,1092.8,1119.95,1065.0,1101.4,1100.0,1080.3,899,986478.05,22-MAR-2018,89,INE544R01013,
GREENPLY,EQ,340.0,349.5,322.5,330.55,324.9,334.45,112082,37062523.6,22-MAR-2018,5971,INE461C01038,
GREENPOWER,EQ,9.85,9.85,9.3,9.35,9.45,9.65,311574,2958569.75,22-MAR-2018,597,INE999K01014,
GRINDWELL,EQ,494.85,494.95,490.0,490.25,490.0,493.35,15554,7626324.8,22-MAR-2018,735,INE536A01023,
GROBTEA,BE,1181.45,1181.45,1181.45,1181.45,1181.45,1125.2,220,259919.0,22-MAR-2018,26,INE646C01018,
GRPLTD,EQ,1210.05,1223.95,1195.0,1209.85,1214.95,1206.65,829,1001069.8,22-MAR-2018,51,INE137I01015,
GRUH,EQ,553.8,558.95,542.25,547.35,544.0,550.2,123681,68200653.9,22-MAR-2018,5599,INE580B01029,
GSCLCEMENT,EQ,27.5,27.95,26.8,27.05,26.85,27.55,21975,602778.05,22-MAR-2018,184,INE542A01039,
GSFC,EQ,122.5,123.85,120.1,120.8,120.8,121.75,1030434,125162393.0,22-MAR-2018,5421,INE026A01025,
GSKCONS,EQ,6539.8,6539.8,6401.3,6426.1,6413.95,6492.8,5537,35709028.8,22-MAR-2018,3062,INE264A01014,
GSPL,EQ,180.0,181.0,178.5,180.1,180.5,178.05,383983,69037483.2,22-MAR-2018,15110,INE246F01010,
GSS,EQ,58.6,62.0,56.1,57.2,56.6,58.0,1144506,67161898.25,22-MAR-2018,5784,INE871H01011,
GTL,EQ,11.0,11.0,10.4,10.55,10.65,10.95,130875,1393029.05,22-MAR-2018,503,INE043A01012,
GTLINFRA,EQ,3.1,3.1,2.75,2.75,2.75,3.05,15717245,44150049.35,22-MAR-2018,4209,INE221H01019,
GTNIND,EQ,12.9,13.55,12.8,12.9,12.85,12.95,8093,106165.05,22-MAR-2018,58,INE537A01013,
GTNTEX,EQ,16.1,16.1,15.3,15.45,15.55,16.1,6478,99979.45,22-MAR-2018,57,INE302H01017,
GTPL,EQ,135.9,137.95,133.0,135.1,134.8,135.75,262981,35846864.15,22-MAR-2018,619,INE869I01013,
GUFICBIO,EQ,112.75,114.5,108.5,109.3,109.3,112.7,54371,6032880.2,22-MAR-2018,823,INE742B01025,
GUJALKALI,EQ,699.95,715.4,696.5,705.15,704.8,697.2,54841,38768418.5,22-MAR-2018,1933,INE186A01019,
GUJAPOLLO,EQ,202.05,208.6,196.0,201.45,203.95,203.7,4059,815775.85,22-MAR-2018,208,INE826C01016,
GUJFLUORO,EQ,785.05,789.0,770.0,771.85,770.0,784.5,38777,30170877.2,22-MAR-2018,1754,INE538A01037,
GUJGASLTD,EQ,830.1,841.5,827.0,833.0,832.5,826.55,22447,18713584.4,22-MAR-2018,1158,INE844O01022,
GUJRAFFIA,BE,45.65,45.65,45.65,45.65,45.65,45.65,291,13284.15,22-MAR-2018,6,INE610B01024,
GULFOILLUB,EQ,948.0,948.0,910.0,920.0,920.0,924.55,12530,11514272.35,22-MAR-2018,529,INE635Q01029,
GULFPETRO,EQ,78.05,79.0,75.35,76.2,75.65,78.05,45457,3512137.35,22-MAR-2018,424,INE586G01017,
GULPOLY,EQ,70.0,70.5,67.6,68.15,68.4,69.7,30216,2072267.15,22-MAR-2018,370,INE255D01024,
GVKPIL,EQ,14.95,15.25,14.0,14.0,14.0,14.7,4176834,60486058.75,22-MAR-2018,4140,INE251H01024,
HANUNG,BE,2.7,2.8,2.7,2.7,2.7,2.8,23485,63836.0,22-MAR-2018,57,INE648H01013,
HARITASEAT,EQ,1013.7,1139.8,980.05,992.7,980.05,991.1,5716,5825103.9,22-MAR-2018,766,INE939D01015,
HARRMALAYA,EQ,76.8,77.95,73.0,74.2,73.95,76.8,50163,3754817.25,22-MAR-2018,725,INE544A01019,
HATHWAY,EQ,35.3,35.35,34.35,34.9,34.5,34.85,276945,9657523.0,22-MAR-2018,1555,INE982F01036,
HATSUN,EQ,720.05,720.05,713.0,716.05,715.75,718.5,12831,9215850.5,22-MAR-2018,600,INE473B01035,
HAVELLS,EQ,499.4,502.0,493.35,495.9,495.6,498.8,644334,320576517.85,22-MAR-2018,27262,INE176B01034,
HBLPOWER,EQ,48.75,48.9,46.25,46.55,47.2,47.65,320592,15191982.9,22-MAR-2018,1835,INE292B01021,
HCC,EQ,28.75,28.95,23.3,23.9,23.75,28.8,94013792,2373817768.65,22-MAR-2018,117365,INE549A01026,
HCG,EQ,299.4,302.8,287.1,291.35,287.2,299.15,160666,47243369.5,22-MAR-2018,344,INE075I01017,
HCL-INSYS,EQ,53.65,54.2,51.5,51.7,51.6,53.65,1328844,69949745.9,22-MAR-2018,5670,INE236A01020,
HCLTECH,EQ,941.0,948.9,925.0,930.55,927.0,937.35,1547643,1446583938.1,22-MAR-2018,94630,INE860A01027,
HDFC,EQ,1820.0,1838.5,1801.75,1809.55,1811.95,1817.85,2664935,4846577512.05,22-MAR-2018,121407,INE001A01036,
HDFCBANK,EQ,1858.9,1880.0,1855.1,1867.75,1863.0,1858.9,1668306,3123149751.5,22-MAR-2018,37562,INE040A01026,
HDFCLIFE,EQ,426.8,429.75,424.2,427.5,426.25,422.5,1267475,541646448.95,22-MAR-2018,53508,INE795G01014,
HDFCMFGETF,EQ,2790.0,2809.0,2790.0,2804.65,2795.6,2778.0,2268,6355739.45,22-MAR-2018,122,INF179K01CN1,
HDFCNIFETF,EQ,1047.64,1047.64,1035.1,1035.14,1035.14,1040.83,19,19782.16,22-MAR-2018,8,INF179KB1KP3,
HDFCSENETF,EQ,3400.0,3400.0,3400.0,3400.0,3400.0,3438.03,10,34000.0,22-MAR-2018,1,INF179KB1KQ1,
HDIL,EQ,41.8,42.3,40.8,41.05,40.95,41.75,7737495,319909578.95,22-MAR-2018,15837,INE191I01012,
HEG,EQ,3220.0,3238.65,3091.0,3189.7,3190.95,3214.35,652323,2060805275.55,22-MAR-2018,55272,INE545A01016,
HEIDELBERG,EQ,148.05,150.0,146.15,149.0,149.1,147.75,109628,16198264.15,22-MAR-2018,1199,INE578A01017,
HERCULES,EQ,118.45,118.45,112.1,113.3,113.5,116.75,12756,1463385.4,22-MAR-2018,357,INE688E01024,
HERITGFOOD,EQ,720.05,729.0,719.0,727.65,722.45,727.0,41913,30374769.25,22-MAR-2018,1345,INE978A01027,
HEROMOTOCO,EQ,3473.2,3484.85,3440.0,3452.3,3455.0,3463.6,482411,1666857634.85,22-MAR-2018,39040,INE158A01026,
HESTERBIO,EQ,1580.0,1582.5,1550.0,1579.1,1580.0,1561.45,2580,4054395.7,22-MAR-2018,309,INE782E01017,
HEXATRADEX,BE,42.35,44.7,40.65,40.95,40.65,42.75,40389,1661206.65,22-MAR-2018,50,INE750M01017,
HEXAWARE,EQ,373.7,386.6,372.4,385.05,386.0,374.1,1606235,612922249.95,22-MAR-2018,20923,INE093A01033,
HFCL,EQ,26.9,27.2,26.2,26.25,26.25,26.95,3638063,96973685.65,22-MAR-2018,3735,INE548A01028,
HGINFRA,EQ,301.9,301.9,291.1,295.4,291.1,297.35,234442,69619924.95,22-MAR-2018,2617,INE926X01010,
HGS,EQ,809.0,809.0,781.0,790.1,790.0,795.2,11983,9443866.7,22-MAR-2018,1773,INE170I01016,
HIGHGROUND,EQ,10.2,10.3,9.9,10.15,10.3,10.05,208388,2112811.5,22-MAR-2018,271,INE361M01021,
HIKAL,EQ,208.65,208.65,205.1,206.15,205.3,207.65,131417,27285977.6,22-MAR-2018,1469,INE475B01022,
HIL,EQ,1550.0,1584.0,1550.0,1574.45,1575.8,1569.75,2521,3973821.3,22-MAR-2018,402,INE557A01011,
HILTON,EQ,28.75,29.2,27.6,27.65,27.6,28.75,17356,489825.85,22-MAR-2018,147,INE788H01017,
HIMATSEIDE,EQ,342.9,347.9,337.0,345.05,342.5,338.65,48153,16534779.35,22-MAR-2018,1374,INE049A01027,
HINDALCO,EQ,215.7,219.2,212.6,216.8,215.95,214.7,8362938,1808046452.3,22-MAR-2018,61935,INE038A01020,
HINDCOMPOS,EQ,406.0,410.25,392.2,402.3,408.0,401.4,4052,1630009.6,22-MAR-2018,274,INE310C01029,
HINDCOPPER,EQ,67.35,68.05,65.8,66.1,66.0,67.0,1508091,100464892.0,22-MAR-2018,6337,INE531E01026,
HINDDORROL,BE,4.75,4.75,4.75,4.75,4.75,4.95,5989,28447.75,22-MAR-2018,10,INE551A01022,
HINDMOTORS,BE,7.9,7.9,7.4,7.6,7.65,7.65,177910,1348813.1,22-MAR-2018,254,INE253A01025,
HINDNATGLS,EQ,119.7,119.8,100.35,108.5,104.2,115.55,20105,2220305.2,22-MAR-2018,143,INE952A01022,
HINDOILEXP,EQ,111.3,118.8,111.3,114.95,114.2,109.3,2225229,256861797.2,22-MAR-2018,17215,INE345A01011,
HINDPETRO,EQ,351.55,353.8,341.1,342.85,342.65,353.3,3811563,1311642408.4,22-MAR-2018,82285,INE094A01015,
HINDSYNTEX,BE,7.45,7.45,7.0,7.3,7.3,7.25,21168,153468.7,22-MAR-2018,15,INE155B01012,
HINDUJAVEN,EQ,664.55,669.7,650.05,656.2,652.25,668.2,93169,61756974.25,22-MAR-2018,318,INE353A01023,
HINDUNILVR,EQ,1312.5,1320.5,1309.05,1311.85,1312.9,1315.6,950972,1247598556.8,22-MAR-2018,52957,INE030A01027,
HINDZINC,EQ,312.05,315.2,310.25,312.75,311.85,311.4,2439322,761914155.05,22-MAR-2018,30751,INE267A01025,
HIRECT,EQ,133.15,133.15,130.25,131.0,131.0,131.0,3735,488918.0,22-MAR-2018,94,INE835D01023,
HISARMETAL,EQ,75.3,75.3,69.75,70.2,70.0,73.25,2353,165827.05,22-MAR-2018,36,INE598C01011,
HITECHCORP,EQ,145.15,148.0,143.2,143.6,143.2,146.05,29711,4349278.25,22-MAR-2018,167,INE120D01012,
HITECHGEAR,EQ,411.05,414.55,401.0,404.75,405.0,414.8,10781,4389585.2,22-MAR-2018,478,INE127B01011,
HMVL,EQ,226.0,227.4,223.0,224.6,223.15,224.15,13474,3018450.75,22-MAR-2018,762,INE871K01015,
HNGSNGBEES,EQ,3494.97,3494.97,3422.0,3422.0,3422.0,3500.0,147,506799.0,22-MAR-2018,19,INF732E01227,
HONAUT,EQ,15380.0,15380.0,14800.0,15173.0,15200.0,15185.65,1583,23825418.15,22-MAR-2018,687,INE671A01010,
HONDAPOWER,EQ,1380.05,1400.55,1370.0,1377.6,1374.95,1379.9,4373,6034183.15,22-MAR-2018,413,INE634A01018,
HOTELEELA,EQ,17.5,17.65,16.9,17.2,17.25,17.45,296981,5112155.65,22-MAR-2018,902,INE102A01024,
HOVS,EQ,258.0,258.0,241.0,244.75,243.0,252.35,17722,4410797.15,22-MAR-2018,200,INE596H01014,
HPL,EQ,123.75,123.75,119.0,119.85,120.5,122.6,55200,6671536.85,22-MAR-2018,855,INE495S01016,
HSCL,EQ,150.15,154.1,145.0,151.45,151.45,150.05,1104486,165816104.35,22-MAR-2018,8319,INE019C01026,
HSIL,EQ,390.0,397.0,377.35,382.35,382.05,389.5,56612,21853734.8,22-MAR-2018,2436,INE415A01038,
HTMEDIA,EQ,86.0,86.55,83.55,84.3,84.95,85.85,173828,14780484.25,22-MAR-2018,1467,INE501G01024,
HUBTOWN,EQ,77.0,77.45,69.75,71.4,70.85,76.35,342998,25322519.7,22-MAR-2018,5231,INE703H01016,
HUDCO,EQ,67.3,68.15,66.85,67.15,67.25,67.35,1140025,76975924.05,22-MAR-2018,5709,INE031A01017,
IBREALEST,EQ,205.3,206.95,198.7,200.65,200.6,204.3,5863477,1184831697.55,22-MAR-2018,28088,INE069I01010,
IBULHSGFIN,EQ,1222.0,1238.9,1212.05,1220.35,1222.0,1216.4,1519284,1864949685.8,22-MAR-2018,48742,INE148I01020,
IBVENTURES,EQ,251.9,256.7,251.7,255.55,255.6,251.7,3340614,849983238.95,22-MAR-2018,16560,INE274G01010,
ICICIBANK,EQ,289.5,289.65,280.9,283.25,283.1,289.2,24593489,6998652560.3,22-MAR-2018,136182,INE090A01021,
ICICIGI,EQ,734.65,739.8,718.0,727.3,727.85,731.35,353510,257356611.3,22-MAR-2018,24707,INE765G01017,
ICICIPRULI,EQ,385.0,385.25,374.9,378.05,378.5,381.75,913607,346611000.65,22-MAR-2018,14189,INE726G01019,
ICIL,EQ,88.6,88.95,85.2,85.9,86.25,89.05,768342,66482361.95,22-MAR-2018,5766,INE483B01026,
ICRA,EQ,3646.2,3650.0,3581.05,3645.65,3650.0,3601.1,396,1429617.75,22-MAR-2018,157,INE725G01011,
ICSA,BE,3.0,3.15,2.85,2.9,2.9,3.0,59156,179214.5,22-MAR-2018,35,INE306B01029,
IDBI,EQ,77.25,77.4,75.25,76.65,76.3,75.9,32243877,2460414750.35,22-MAR-2018,65710,INE008A01015,
IDBIGOLD,EQ,2850.0,2874.95,2836.1,2840.15,2840.0,2826.75,263,749012.6,22-MAR-2018,15,INF397L01554,
IDEA,EQ,78.6,79.75,76.75,77.6,77.75,79.15,6576016,514604201.6,22-MAR-2018,20697,INE669E01016,
IDFC,EQ,50.3,52.7,50.0,51.0,51.0,49.9,16613488,854169157.1,22-MAR-2018,36091,INE043D01016,
IDFCBANK,EQ,49.35,49.9,49.0,49.1,49.1,49.3,5312705,262039633.3,22-MAR-2018,19485,INE092T01019,
IDFNIFTYET,EQ,102.94,102.94,102.36,102.36,102.36,103.24,131,13426.68,22-MAR-2018,3,INF194KA1U07,
IEX,EQ,1474.0,1477.45,1450.2,1460.65,1456.0,1464.45,15018,21912635.35,22-MAR-2018,1253,INE022Q01012,
IFBAGRO,EQ,578.0,578.9,545.15,563.5,564.0,563.7,4724,2638829.7,22-MAR-2018,255,INE076C01018,
IFBIND,EQ,1280.05,1280.05,1242.2,1255.05,1255.0,1276.8,13851,17352376.85,22-MAR-2018,938,INE559A01017,
IFCI,EQ,20.4,20.75,20.05,20.15,20.2,20.35,7966206,161693036.6,22-MAR-2018,9074,INE039A01010,
IFGLEXPOR,EQ,270.0,272.0,257.2,270.55,271.0,267.95,5441,1439680.25,22-MAR-2018,183,INE133Y01011,
IGARASHI,EQ,804.75,807.0,801.1,803.6,803.0,803.25,4901,3934634.45,22-MAR-2018,344,INE188B01013,
IGL,EQ,296.75,296.75,289.65,291.25,291.7,294.35,2198962,641917539.4,22-MAR-2018,24350,INE203G01027,
IGPL,EQ,682.0,694.5,675.0,676.5,677.0,691.1,16917,11546810.2,22-MAR-2018,670,INE204A01010,
IIFL,EQ,701.9,723.9,693.05,707.15,710.1,691.85,322227,227974976.4,22-MAR-2018,16368,INE530B01024,
IITL,EQ,100.05,100.05,100.0,100.0,100.0,100.0,1168,116803.0,22-MAR-2018,6,INE886A01014,
IL&FSENGG,EQ,33.1,33.15,32.0,32.6,32.5,33.15,143956,4671299.7,22-MAR-2018,528,INE369I01014,
IL&FSTRANS,EQ,66.45,66.45,63.65,64.1,64.1,65.6,255734,16569461.5,22-MAR-2018,1204,INE975G01012,
IMFA,EQ,523.0,523.0,491.25,497.25,496.2,516.1,91691,45926966.3,22-MAR-2018,5173,INE919H01018,
IMPAL,EQ,1046.4,1070.85,1031.1,1047.2,1055.0,1057.35,1746,1830872.95,22-MAR-2018,299,INE547E01014,
IMPEXFERRO,BE,1.1,1.1,1.1,1.1,1.1,1.1,84,92.4,22-MAR-2018,6,INE691G01015,
INDBANK,BE,20.05,20.35,19.3,19.65,19.9,20.05,13031,256849.85,22-MAR-2018,92,INE841B01017,
INDHOTEL,EQ,128.7,131.4,127.2,129.25,128.45,128.65,1114995,144401014.9,22-MAR-2018,11224,INE053A01029,
INDIACEM,EQ,145.7,145.7,140.0,140.75,140.9,144.65,1986458,282275526.0,22-MAR-2018,13481,INE383A01012,
INDIAGLYCO,EQ,468.0,473.3,447.3,451.35,450.0,467.0,138608,63716302.4,22-MAR-2018,7492,INE560A01015,
INDIANB,EQ,292.0,293.95,286.35,289.2,288.4,290.75,814379,236112318.9,22-MAR-2018,11013,INE562A01011,
INDIANCARD,EQ,151.3,153.7,151.1,152.4,153.5,153.7,1036,157975.25,22-MAR-2018,65,INE061A01014,
INDIANHUME,EQ,342.0,342.4,318.45,321.35,320.0,333.05,25268,8250901.15,22-MAR-2018,1204,INE323C01030,
INDIGO,EQ,1258.0,1275.45,1250.0,1258.7,1255.0,1267.05,606017,764727379.1,22-MAR-2018,31827,INE646L01027,
INDLMETER,EQ,95.0,98.0,94.7,95.9,96.95,97.5,1034,98753.9,22-MAR-2018,12,INE065B01013,
INDNIPPON,EQ,498.25,498.25,470.0,470.75,470.5,488.55,6580,3145588.35,22-MAR-2018,351,INE092B01025,
INDOCO,EQ,248.7,255.0,240.1,242.1,241.05,250.9,23717,5806498.6,22-MAR-2018,776,INE873D01024,
INDORAMA,EQ,31.45,31.45,29.6,29.85,29.6,31.45,119583,3610566.95,22-MAR-2018,445,INE156A01020,
INDOSOLAR,BE,7.45,7.75,7.2,7.3,7.35,7.55,250628,1857663.95,22-MAR-2018,490,INE866K01015,
INDOTECH,EQ,176.5,177.6,170.15,172.45,174.0,177.1,5801,1000542.1,22-MAR-2018,163,INE332H01014,
INDOTHAI,EQ,68.0,68.0,62.3,63.45,64.2,66.1,45812,2972792.1,22-MAR-2018,696,INE337M01013,
INDOWIND,BE,7.75,8.1,7.55,7.55,7.6,7.9,38817,297654.9,22-MAR-2018,92,INE227G01018,
INDRAMEDCO,EQ,49.5,50.05,48.0,48.2,48.1,49.45,171608,8343472.65,22-MAR-2018,858,INE681B01017,
INDSWFTLAB,EQ,60.2,60.2,58.0,58.2,58.0,60.0,22071,1289114.15,22-MAR-2018,55,INE915B01019,
INDSWFTLTD,EQ,7.6,7.6,7.1,7.45,7.5,7.45,3855,28675.6,22-MAR-2018,16,INE788B01028,
INDTERRAIN,EQ,181.35,184.05,176.0,178.95,179.0,180.6,143157,25718849.2,22-MAR-2018,606,INE611L01021,
INDUSINDBK,EQ,1737.8,1762.9,1735.1,1753.1,1753.9,1731.45,1549193,2708551567.4,22-MAR-2018,61109,INE095A01012,
INEOSSTYRO,EQ,851.3,858.35,841.0,847.8,842.0,851.8,22762,19352685.75,22-MAR-2018,569,INE189B01011,
INFIBEAM,EQ,150.05,150.8,149.25,150.25,150.5,150.25,4747313,712917013.7,22-MAR-2018,5232,INE483S01020,
INFINITE,EQ,473.0,476.95,451.2,458.9,466.0,478.9,66756,30667346.1,22-MAR-2018,4062,INE486J01014,
INFRABEES,EQ,343.99,343.99,338.08,341.3,340.4,343.78,2259,770868.06,22-MAR-2018,31,INF732E01268,
INFRATEL,EQ,337.4,344.45,330.9,335.2,335.0,337.15,2264722,764109423.35,22-MAR-2018,49863,INE121J01017,
INFY,EQ,1164.5,1177.45,1155.3,1161.3,1156.0,1167.5,3406584,3977430906.0,22-MAR-2018,82774,INE009A01021,
INGERRAND,EQ,681.0,694.8,681.0,687.55,688.05,689.45,34932,24023151.15,22-MAR-2018,349,INE177A01018,
INOXLEISUR,EQ,262.35,266.95,260.0,263.9,263.65,258.95,49096,12962476.7,22-MAR-2018,4827,INE312H01016,
INOXWIND,EQ,115.0,115.95,107.05,108.25,108.45,114.9,360720,39795898.2,22-MAR-2018,2830,INE066P01011,
INSECTICID,EQ,734.5,745.0,734.45,740.1,739.6,734.4,19644,14524726.8,22-MAR-2018,572,INE070I01018,
INTELLECT,EQ,171.0,174.0,165.5,167.4,166.8,170.8,345935,58308988.15,22-MAR-2018,6839,INE306R01017,
INTENTECH,EQ,79.9,79.9,75.2,75.75,75.8,77.55,22376,1709070.4,22-MAR-2018,224,INE781A01025,
INVENTURE,BE,18.25,18.25,18.25,18.25,18.25,19.2,8038,146693.5,22-MAR-2018,24,INE878H01016,
IOB,EQ,18.2,18.35,18.1,18.15,18.15,18.2,655113,11923355.6,22-MAR-2018,998,INE565A01014,
IOC,EQ,173.95,173.95,169.5,170.1,170.3,172.45,9690093,1653957552.05,22-MAR-2018,62717,INE242A01010,
IOLCP,EQ,80.45,80.45,76.85,77.05,77.55,78.65,81104,6306550.0,22-MAR-2018,773,INE485C01011,
IPAPPM,EQ,295.0,297.7,290.05,290.4,292.0,293.8,37596,10977108.3,22-MAR-2018,517,INE435A01028,
IPCALAB,EQ,669.4,670.0,660.15,665.7,665.0,664.85,68675,45721204.1,22-MAR-2018,3553,INE571A01020,
IRB,EQ,219.85,219.85,217.1,218.6,218.45,218.0,832815,181752686.85,22-MAR-2018,8542,INE821I01014,
ISFT,EQ,711.75,711.75,672.6,676.45,675.0,700.75,20960,14371266.8,22-MAR-2018,783,INE566K01011,
ISMTLTD,EQ,10.75,10.75,10.0,10.0,10.0,10.5,110358,1115750.5,22-MAR-2018,155,INE732F01019,
ITC,EQ,260.0,261.45,257.85,258.3,258.85,259.05,8011131,2077311368.45,22-MAR-2018,65618,INE154A01025,
ITDC,EQ,487.0,489.2,457.0,461.3,464.95,485.05,105959,49631870.05,22-MAR-2018,3889,INE353K01014,
ITDCEM,EQ,161.6,162.6,154.5,155.6,155.0,161.65,65938,10408238.15,22-MAR-2018,1812,INE686A01026,
ITI,EQ,123.9,124.9,117.55,118.65,117.85,116.95,2213178,266940041.65,22-MAR-2018,21068,INE248A01017,
IVC,EQ,18.6,18.6,17.75,17.9,17.85,18.4,502041,9110035.0,22-MAR-2018,1028,INE050B01023,
IVP,EQ,198.3,202.0,197.25,200.0,200.0,199.95,10929,2180518.55,22-MAR-2018,42,INE043C01018,
IVRCLINFRA,EQ,3.55,3.6,3.5,3.55,3.5,3.55,723641,2561390.1,22-MAR-2018,448,INE875A01025,
IVZINGOLD,EQ,2800.0,2800.0,2800.0,2800.0,2800.0,2770.0,72,201600.0,22-MAR-2018,6,INF205K01361,
IZMO,EQ,96.75,98.4,93.5,94.25,94.5,97.1,154695,14736401.85,22-MAR-2018,1182,INE848A01014,
J&KBANK,EQ,59.2,59.75,57.7,58.35,58.35,58.4,571488,33492974.55,22-MAR-2018,3612,INE168A01041,
JAGRAN,EQ,166.55,166.55,162.5,162.95,162.5,166.35,424225,69157663.35,22-MAR-2018,5058,INE199G01027,
JAGSNPHARM,EQ,29.6,29.6,27.1,27.3,27.55,27.8,15725,432517.1,22-MAR-2018,143,INE048B01027,
JAIBALAJI,EQ,13.95,14.3,13.55,14.1,13.8,14.1,74800,1048300.05,22-MAR-2018,60,INE091G01018,
JAICORPLTD,EQ,142.0,143.35,136.3,137.05,136.55,141.45,1111476,154160182.45,22-MAR-2018,10647,INE070D01027,
JAMNAAUTO,EQ,78.95,80.3,78.5,80.05,80.0,79.3,1230312,97821024.4,22-MAR-2018,5323,INE039C01032,
JAYAGROGN,EQ,310.65,321.65,297.85,313.65,319.9,313.85,71442,22139623.55,22-MAR-2018,2673,INE785A01026,
JAYBARMARU,EQ,426.0,429.65,404.0,407.85,408.05,424.2,25242,10396944.7,22-MAR-2018,1922,INE571B01028,
JAYNECOIND,EQ,8.4,8.7,8.25,8.35,8.4,8.55,92735,782953.05,22-MAR-2018,152,INE854B01010,
JAYSREETEA,EQ,95.15,95.45,93.65,93.95,93.9,95.0,29579,2785035.2,22-MAR-2018,289,INE364A01020,
JBCHEPHARM,EQ,294.0,297.0,286.85,289.2,289.9,292.95,26795,7763826.7,22-MAR-2018,800,INE572A01028,
JBFIND,EQ,108.55,112.0,103.2,104.2,104.7,106.95,286729,30647827.8,22-MAR-2018,4875,INE187A01017,
JBMA,EQ,417.35,417.35,405.0,406.0,405.0,412.2,22603,9271423.8,22-MAR-2018,692,INE927D01028,
JCHAC,EQ,2491.9,2491.9,2420.2,2437.2,2425.0,2469.9,16917,41106230.4,22-MAR-2018,1237,INE782A01015,
JETAIRWAYS,EQ,671.0,671.0,638.7,641.9,640.4,668.35,3383385,2203429233.65,22-MAR-2018,41828,INE802G01018,
JHS,EQ,60.65,60.65,57.7,58.0,57.9,59.5,77630,4564784.7,22-MAR-2018,1023,INE544H01014,
JINDALPHOT,EQ,55.15,57.0,55.05,55.95,55.3,56.35,3285,183897.95,22-MAR-2018,17,INE796G01012,
JINDALPOLY,EQ,339.25,343.9,330.75,332.15,331.3,337.9,58473,19750250.1,22-MAR-2018,1730,INE197D01010,
JINDALSAW,EQ,123.45,124.75,119.8,120.2,120.0,123.2,784527,95432103.5,22-MAR-2018,4521,INE324A01024,
JINDALSTEL,EQ,231.7,231.7,223.05,224.9,223.5,230.6,7558038,1720697215.15,22-MAR-2018,38583,INE749A01030,
JINDRILL,EQ,154.85,176.0,154.85,165.2,165.0,151.35,1440602,241397026.6,22-MAR-2018,19493,INE742C01031,
JINDWORLD,EQ,822.0,851.9,795.0,806.2,806.0,816.65,124318,101558303.65,22-MAR-2018,3902,INE247D01021,
JISLDVREQS,EQ,64.3,64.95,63.25,63.35,63.25,64.55,53824,3440516.0,22-MAR-2018,403,IN9175A01010,
JISLJALEQS,EQ,107.6,107.75,104.75,105.1,105.25,106.95,4533962,480014356.85,22-MAR-2018,18765,INE175A01038,
JITFINFRA,BE,36.0,37.4,35.5,35.85,35.95,36.7,8998,326372.05,22-MAR-2018,74,INE863T01013,
JKCEMENT,EQ,1001.0,1018.9,1001.0,1014.9,1015.0,1014.1,24869,25177919.25,22-MAR-2018,1689,INE823G01014,
JKIL,EQ,302.0,303.7,291.75,295.7,294.0,297.95,86584,25637471.75,22-MAR-2018,1266,INE576I01022,
JKLAKSHMI,EQ,438.0,449.0,429.95,444.7,442.75,435.35,119738,52571040.45,22-MAR-2018,2625,INE786A01032,
JKPAPER,EQ,141.8,142.5,134.3,136.1,136.0,140.2,704692,96952826.5,22-MAR-2018,6616,INE789E01012,
JKTYRE,EQ,149.25,150.25,145.5,146.35,145.9,149.05,547817,81196591.55,22-MAR-2018,7240,INE573A01042,
JMA,EQ,225.0,225.0,218.25,220.55,218.25,225.0,544,121814.0,22-MAR-2018,20,INE412C01015,
JMCPROJECT,EQ,549.05,554.95,540.1,545.6,547.0,553.15,12614,6880158.5,22-MAR-2018,2117,INE890A01016,
JMFINANCIL,EQ,126.0,126.05,118.15,119.0,119.15,125.5,1654574,199677568.25,22-MAR-2018,15536,INE780C01023,
JMTAUTOLTD,EQ,4.55,4.6,4.35,4.4,4.4,4.5,415254,1845987.0,22-MAR-2018,188,INE988E01036,
JOCIL,EQ,159.45,164.4,155.05,157.55,156.5,160.1,9461,1503074.85,22-MAR-2018,138,INE839G01010,
JPASSOCIAT,EQ,19.5,19.55,17.6,18.1,18.0,19.5,76843664,1437755801.45,22-MAR-2018,50348,INE455F01025,
JPINFRATEC,EQ,9.55,9.95,9.25,9.25,9.25,9.7,4092431,38798865.35,22-MAR-2018,3372,INE099J01015,
JPOLYINVST,EQ,60.0,60.0,55.35,55.45,55.35,58.55,3222,182295.1,22-MAR-2018,64,INE147P01019,
JPPOWER,EQ,5.1,5.2,5.0,5.0,5.05,5.1,7561607,38486898.2,22-MAR-2018,3400,INE351F01018,
JSL,EQ,89.65,89.8,85.0,85.7,85.4,89.0,261187,22753375.1,22-MAR-2018,3411,INE220G01021,
JSLHISAR,EQ,175.85,176.0,164.0,165.4,165.5,175.15,1011554,169760437.15,22-MAR-2018,10462,INE455T01018,
JSWENERGY,EQ,75.75,75.95,73.35,73.9,74.3,75.75,1339629,100340680.7,22-MAR-2018,3280,INE121E01018,
JSWHL,EQ,1705.7,1708.0,1694.85,1702.15,1695.0,1705.7,2597,4414873.0,22-MAR-2018,104,INE824G01012,
JSWSTEEL,EQ,288.0,290.9,284.85,286.0,285.5,288.4,3731255,1074491007.3,22-MAR-2018,37883,INE019A01038,
JUBILANT,EQ,805.4,816.5,791.0,795.25,793.0,800.1,391808,314269429.0,22-MAR-2018,20760,INE700A01033,
JUBLFOOD,EQ,2220.95,2300.0,2215.0,2275.0,2265.45,2207.35,3282766,7437723412.7,22-MAR-2018,110586,INE797F01012,
JUBLINDS,EQ,175.95,177.85,172.2,173.9,174.8,173.6,26276,4580201.7,22-MAR-2018,289,INE645L01011,
JUNIORBEES,EQ,291.6,292.12,289.0,289.86,289.0,290.27,9781,2842144.45,22-MAR-2018,174,INF732E01045,
JUSTDIAL,EQ,441.95,447.8,436.0,442.35,443.85,441.95,1232874,543860369.55,22-MAR-2018,15788,INE599M01018,
JVLAGRO,EQ,22.45,23.0,21.55,22.15,21.85,22.5,345963,7806480.25,22-MAR-2018,1618,INE430G01026,
JYOTHYLAB,EQ,365.0,369.45,358.05,366.45,369.15,364.6,157354,57055061.4,22-MAR-2018,1453,INE668F01031,
JYOTISTRUC,EQ,8.8,9.05,8.7,8.9,8.9,8.95,175352,1553664.0,22-MAR-2018,344,INE197A01024,
KABRAEXTRU,EQ,120.55,120.75,115.0,116.05,115.1,118.95,82334,9608136.8,22-MAR-2018,586,INE900B01029,
KAJARIACER,EQ,575.65,582.1,555.1,563.75,565.0,575.25,508454,288153647.2,22-MAR-2018,28659,INE217B01036,
KAKATCEM,EQ,255.0,255.0,240.5,243.3,243.0,249.55,19069,4695000.0,22-MAR-2018,678,INE437B01014,
KALPATPOWR,EQ,457.95,463.0,455.0,457.3,455.45,454.1,61412,28194630.3,22-MAR-2018,4203,INE220B01022,
KALYANIFRG,BE,259.05,277.7,259.05,267.45,274.8,272.0,507,136836.8,22-MAR-2018,16,INE314G01014,
KAMATHOTEL,EQ,95.4,96.35,93.0,93.2,93.0,95.35,44708,4220978.2,22-MAR-2018,630,INE967C01018,
KAMDHENU,EQ,253.2,265.0,250.0,255.1,258.0,256.8,16244,4146214.9,22-MAR-2018,383,INE390H01012,
KANANIIND,EQ,8.9,9.1,8.2,8.6,8.6,8.9,10946,94948.35,22-MAR-2018,52,INE879E01037,
KANORICHEM,EQ,70.0,71.0,65.7,66.5,66.7,69.35,69673,4761149.45,22-MAR-2018,777,INE138C01024,
KANSAINER,EQ,481.0,482.85,474.6,475.3,475.0,479.65,105953,50569926.75,22-MAR-2018,4879,INE531A01024,
KARMAENG,EQ,31.75,32.0,31.75,32.0,32.0,31.45,850,27196.75,22-MAR-2018,7,INE725L01011,
KARURVYSYA,EQ,99.25,100.2,98.55,99.95,100.15,99.2,799540,79475758.45,22-MAR-2018,4234,INE036D01028,
KAUSHALYA,EQ,2.45,2.6,2.45,2.5,2.5,2.5,30306,76676.5,22-MAR-2018,58,INE234I01010,
KAVVERITEL,EQ,11.85,11.85,10.8,11.15,11.05,11.55,12299,139953.35,22-MAR-2018,60,INE641C01019,
KAYA,EQ,1028.0,1049.0,1008.95,1036.95,1018.1,1026.65,24351,25145626.45,22-MAR-2018,1526,INE587G01015,
KCP,EQ,114.25,116.05,112.0,113.25,113.0,114.6,54116,6203033.95,22-MAR-2018,684,INE805C01028,
KCPSUGIND,EQ,26.85,26.95,25.3,25.45,25.4,26.75,104382,2699870.7,22-MAR-2018,567,INE790B01024,
KDDL,EQ,369.0,388.4,369.0,386.65,388.4,380.3,4875,1863155.15,22-MAR-2018,45,INE291D01011,
KEC,EQ,394.3,398.0,387.05,389.9,389.95,393.35,210025,82393419.15,22-MAR-2018,5176,INE389H01022,
KECL,EQ,32.45,32.95,30.65,30.85,30.75,32.4,141296,4437248.9,22-MAR-2018,888,INE134B01017,
KEI,EQ,368.45,375.4,366.55,369.3,367.5,367.3,173798,64631500.55,22-MAR-2018,13963,INE878B01027,
KELLTONTEC,EQ,127.5,129.85,120.65,121.0,120.9,126.95,126332,15515518.05,22-MAR-2018,1625,INE164B01022,
KESARENT,EQ,49.25,49.25,46.05,47.0,47.25,47.95,4122,195417.0,22-MAR-2018,138,INE133B01019,
KESORAMIND,EQ,113.8,115.65,111.4,112.1,111.9,113.8,266535,30203766.45,22-MAR-2018,2127,INE087A01019,
KGL,BE,2.45,2.45,2.45,2.45,2.45,2.55,1157823,2836666.35,22-MAR-2018,285,INE299C01024,
KHADIM,EQ,680.0,690.0,678.3,686.55,687.25,682.2,5842,3994674.0,22-MAR-2018,642,INE834I01025,
KHAITANLTD,BE,44.0,44.0,43.95,43.95,43.95,44.0,120,5274.25,22-MAR-2018,6,INE731C01018,
KHANDSE,EQ,17.65,17.65,16.15,17.0,17.0,16.9,423,7233.35,22-MAR-2018,9,INE060B01014,
KICL,EQ,2382.05,2399.45,2351.0,2370.05,2398.9,2376.05,13437,31942082.85,22-MAR-2018,554,INE029L01018,
KILITCH,EQ,81.05,82.35,77.25,77.45,78.0,81.3,39504,3104033.75,22-MAR-2018,521,INE729D01010,
KINGFA,BE,925.0,926.0,877.0,898.35,905.0,901.8,2729,2441251.8,22-MAR-2018,115,INE473D01015,
KIOCL,EQ,229.0,234.4,212.1,213.4,213.5,229.9,88999,19614240.65,22-MAR-2018,3209,INE880L01014,
KIRIINDUS,EQ,462.9,465.95,445.7,448.05,448.0,460.9,124499,56598572.8,22-MAR-2018,3464,INE415I01015,
KIRLOSBROS,EQ,294.05,303.9,285.3,287.5,286.0,291.15,57250,16885942.2,22-MAR-2018,3144,INE732A01036,
KIRLOSENG,EQ,341.5,347.0,337.0,339.85,338.55,342.25,5959,2041294.2,22-MAR-2018,388,INE146L01010,
KIRLOSIND,EQ,1245.55,1245.55,1215.0,1222.85,1215.0,1243.65,464,569215.75,22-MAR-2018,40,INE250A01039,
KITEX,EQ,236.0,238.75,230.0,230.55,230.0,234.1,48688,11393643.6,22-MAR-2018,2152,INE602G01020,
KKCL,EQ,1565.0,1598.8,1552.0,1580.55,1597.0,1580.55,4840,7634512.35,22-MAR-2018,296,INE401H01017,
KMSUGAR,EQ,10.9,10.9,10.45,10.55,10.6,10.65,137536,1469359.0,22-MAR-2018,332,INE157H01023,
KNRCON,EQ,295.25,298.7,289.75,292.55,290.75,295.25,91968,26988842.05,22-MAR-2018,4054,INE634I01029,
KOHINOOR,EQ,67.2,67.2,64.25,64.5,64.5,66.55,62217,4049536.1,22-MAR-2018,856,INE080B01012,
KOKUYOCMLN,EQ,118.45,118.45,112.7,114.1,113.6,117.9,40465,4655284.7,22-MAR-2018,846,INE760A01029,
KOLTEPATIL,EQ,314.0,319.5,308.4,310.25,309.0,313.6,121177,38137280.35,22-MAR-2018,3444,INE094I01018,
KOPRAN,EQ,60.5,60.9,58.7,59.1,59.25,60.55,111607,6619090.8,22-MAR-2018,3659,INE082A01010,
KOTAKBANK,EQ,1051.1,1059.5,1048.1,1053.05,1049.0,1051.1,1765315,1861130888.2,22-MAR-2018,33352,INE237A01028,
KOTAKBKETF,EQ,246.76,248.8,245.5,245.6,245.5,246.83,104419,25861951.8,22-MAR-2018,286,INF174K01F59,
KOTAKGOLD,EQ,267.1,268.65,267.1,268.1,268.0,266.15,11720,3139828.3,22-MAR-2018,190,INF373I01049,
KOTAKNIFTY,EQ,103.0,103.83,102.6,102.89,102.6,103.0,205278,21144307.52,22-MAR-2018,220,INF174K014P6,
KOTAKNV20,EQ,47.0,47.0,46.85,46.95,46.85,47.4,551,25874.35,22-MAR-2018,3,INF174K01Z71,
KOTAKPSUBK,EQ,286.0,287.99,281.7,281.99,281.8,287.29,5838,1657241.57,22-MAR-2018,97,INF373I01023,
KOTARISUG,EQ,13.15,13.15,12.4,12.7,12.45,12.75,185446,2361297.85,22-MAR-2018,79,INE419A01022,
KOTHARIPET,EQ,23.85,23.95,23.05,23.1,23.05,23.5,301543,7109233.2,22-MAR-2018,126,INE720A01015,
KOTHARIPRO,EQ,149.0,150.55,146.15,147.6,147.9,148.65,4132,613113.2,22-MAR-2018,130,INE823A01017,
KPIT,EQ,230.8,232.2,226.55,227.55,227.6,228.85,1853434,425785821.65,22-MAR-2018,21159,INE836A01035,
KPRMILL,EQ,662.0,662.0,638.0,646.75,645.0,652.95,30526,19789005.2,22-MAR-2018,3987,INE930H01023,
KRBL,EQ,449.15,452.0,435.3,440.15,440.2,449.15,78623,34831444.6,22-MAR-2018,2698,INE001B01026,
KREBSBIO,BE,171.0,179.5,170.0,171.35,170.0,171.0,2569,445755.85,22-MAR-2018,57,INE268B01013,
KRIDHANINF,EQ,105.5,105.95,99.8,100.85,100.8,104.5,371553,37878327.2,22-MAR-2018,4371,INE524L01026,
KSBPUMPS,EQ,781.35,781.35,756.15,768.5,771.0,771.45,3649,2798519.5,22-MAR-2018,322,INE999A01015,
KSCL,EQ,472.0,488.8,471.25,485.35,485.0,474.9,644708,310987647.9,22-MAR-2018,11555,INE455I01029,
KSERASERA,BE,0.2,0.2,0.15,0.2,0.2,0.2,1254030,233380.05,22-MAR-2018,156,INE216D01026,
KSK,BE,9.9,9.9,9.05,9.05,9.05,9.5,1053762,9557015.3,22-MAR-2018,720,INE143H01015,
KSL,EQ,283.9,285.85,269.0,273.6,278.0,283.3,402150,110083580.7,22-MAR-2018,4837,INE907A01026,
KTIL,EQ,135.0,135.1,130.05,131.4,132.7,132.7,15538,2060558.5,22-MAR-2018,227,INE096L01025,
KTKBANK,EQ,120.75,121.15,117.4,117.75,117.55,120.1,3232696,384473681.05,22-MAR-2018,9487,INE614B01018,
KWALITY,EQ,84.0,85.75,83.0,84.6,84.9,83.95,3663105,309582442.0,22-MAR-2018,10032,INE775B01025,
L&TFH,EQ,156.25,156.6,153.75,155.25,155.2,156.3,2663234,413145884.05,22-MAR-2018,18573,INE498L01015,
LAKPRE,EQ,43.8,43.8,42.05,42.85,42.25,42.0,2402,103135.65,22-MAR-2018,52,INE651C01018,
LAKSHMIEFL,EQ,21.5,22.0,20.9,20.9,21.0,22.0,79504,1676166.25,22-MAR-2018,263,INE992B01026,
LAKSHVILAS,EQ,101.85,102.4,97.0,97.55,97.25,101.5,1428920,142702457.8,22-MAR-2018,4691,INE694C01018,
LALPATHLAB,EQ,879.0,896.85,865.0,870.6,865.0,880.7,15210,13414766.15,22-MAR-2018,3133,INE600L01024,
LAMBODHARA,EQ,71.2,71.3,66.95,67.75,67.3,69.65,16935,1163644.05,22-MAR-2018,541,INE112F01022,
LAOPALA,EQ,311.0,313.9,288.0,291.75,292.0,649.6,225785,66474630.85,22-MAR-2018,4985,INE059D01020,
LASA,EQ,92.5,93.0,87.85,88.6,87.85,92.45,186792,16838843.1,22-MAR-2018,1507,INE670X01014,
LAURUSLABS,EQ,517.3,518.0,506.1,507.65,506.1,510.65,26504,13550658.45,22-MAR-2018,1521,INE947Q01010,
LAXMIMACH,EQ,6640.05,6660.0,6510.0,6574.8,6602.1,6613.45,5674,37262650.65,22-MAR-2018,1028,INE269B01029,
LEEL,EQ,250.0,250.0,237.0,238.35,238.25,245.4,120362,28972007.0,22-MAR-2018,1934,INE245C01019,
LFIC,BE,85.1,92.1,85.1,92.05,92.05,89.05,1351,122987.05,22-MAR-2018,12,INE850E01012,
LGBBROSLTD,EQ,1079.9,1098.0,1065.05,1081.95,1085.0,1075.1,3584,3886078.55,22-MAR-2018,689,INE337A01034,
LIBERTSHOE,EQ,191.85,193.15,186.25,189.1,188.65,191.65,17564,3316476.8,22-MAR-2018,617,INE557B01019,
LICHSGFIN,EQ,521.9,526.6,520.65,525.25,525.25,521.55,1507385,789685353.05,22-MAR-2018,31425,INE115A01026,
LICNETFN50,EQ,104.95,104.95,100.4,100.4,100.4,105.8,108,10870.1,22-MAR-2018,11,INF767K01OS7,
LICNFNHGP,EQ,100.0,100.0,100.0,100.0,100.0,98.05,50,5000.0,22-MAR-2018,2,INF767K01PC8,
LINCOLN,EQ,230.2,230.2,222.0,223.75,223.3,227.55,16015,3613051.45,22-MAR-2018,305,INE405C01035,
LINCPEN,EQ,425.8,427.7,407.65,420.25,420.0,421.65,31799,13285339.65,22-MAR-2018,1171,INE802B01019,
LINDEINDIA,EQ,472.85,486.85,469.5,484.05,486.85,469.65,23882,11459701.5,22-MAR-2018,1379,INE473A01011,
LIQUIDBEES,EQ,999.99,1000.01,999.99,1000.0,1000.01,1000.0,2561460,2561454372.39,22-MAR-2018,5972,INF732E01037,
LIQUIDETF,EQ,999.99,1000.01,999.99,999.99,999.99,1000.01,12204,12204079.49,22-MAR-2018,9,INF740KA1EU7,
LITL,BE,1.15,1.15,1.1,1.1,1.1,1.15,1734997,1925727.95,22-MAR-2018,528,INE785C01048,
LML,EQ,6.55,6.7,6.3,6.3,6.3,6.6,255726,1638933.7,22-MAR-2018,331,INE862A01015,
LOKESHMACH,EQ,55.55,56.45,52.6,52.75,53.0,55.35,71060,3823729.2,22-MAR-2018,396,INE397H01017,
LOTUSEYE,EQ,28.65,29.6,28.05,28.2,29.0,29.2,8054,231116.05,22-MAR-2018,53,INE947I01017,
LOVABLE,EQ,188.4,189.9,184.05,185.25,184.5,187.65,23762,4433231.4,22-MAR-2018,821,INE597L01014,
LPDC,EQ,4.1,4.35,4.1,4.1,4.1,4.3,22023,91505.55,22-MAR-2018,36,INE197J01017,
LSIL,BE,1.4,1.4,1.3,1.35,1.3,1.35,633358,840963.25,22-MAR-2018,266,INE093R01011,
LT,EQ,1314.8,1321.4,1289.0,1296.25,1297.4,1309.35,1834024,2390340677.6,22-MAR-2018,59289,INE018A01030,
LTI,EQ,1364.0,1365.9,1333.0,1345.95,1333.0,1354.9,155101,210027245.45,22-MAR-2018,17528,INE214T01019,
LTTS,EQ,1201.45,1219.0,1176.0,1185.3,1180.1,1198.65,32372,38628271.5,22-MAR-2018,3357,INE010V01017,
LUMAXIND,EQ,2192.1,2239.0,2190.0,2198.25,2190.0,2210.8,4140,9123817.3,22-MAR-2018,549,INE162B01018,
LUMAXTECH,EQ,813.85,820.45,797.2,812.65,815.8,817.7,7372,5963647.15,22-MAR-2018,451,INE872H01019,
LUPIN,EQ,769.0,775.0,757.0,758.5,757.0,767.85,729009,558067779.7,22-MAR-2018,24483,INE326A01037,
LUXIND,EQ,1710.0,1722.95,1680.0,1683.4,1680.0,1705.45,32454,55196092.35,22-MAR-2018,1317,INE150G01020,
LYCOS,BE,4.9,4.9,4.6,4.6,4.6,4.8,647968,3041949.9,22-MAR-2018,441,INE425B01027,
LYKALABS,EQ,48.8,48.9,47.55,48.45,48.5,48.7,70670,3414746.35,22-MAR-2018,260,INE933A01014,
LYPSAGEMS,EQ,21.7,22.1,21.1,21.2,21.4,21.75,157019,3372110.0,22-MAR-2018,599,INE142K01011,
M&M,EQ,747.05,748.9,726.0,730.85,731.0,745.35,1877037,1377604263.15,22-MAR-2018,53019,INE101A01026,
M&MFIN,EQ,451.25,453.65,430.35,432.6,432.3,447.0,1709202,751632348.85,22-MAR-2018,25829,INE774D01024,
M100,EQ,20.8,20.8,20.09,20.24,20.3,20.28,17059,346592.97,22-MAR-2018,106,INF247L01023,
M50,EQ,96.8,96.8,95.0,95.0,95.0,96.0,1293,123553.4,22-MAR-2018,52,INF247L01536,
MAANALU,EQ,124.8,125.0,120.6,123.35,122.6,123.65,8098,991264.05,22-MAR-2018,170,INE215I01019,
MADHAV,EQ,51.0,51.65,48.3,48.7,48.3,51.5,14139,702671.4,22-MAR-2018,238,INE925C01016,
MADHUCON,EQ,22.35,22.45,21.25,21.55,21.9,22.25,208230,4552460.4,22-MAR-2018,658,INE378D01032,
MADRASFERT,EQ,34.1,34.55,32.7,33.15,33.05,32.95,378585,12824129.05,22-MAR-2018,1467,INE414A01015,
MAGADSUGAR,EQ,127.0,128.75,125.0,125.5,126.0,128.85,18906,2378636.75,22-MAR-2018,109,INE347W01011,
MAGMA,EQ,147.5,150.0,144.2,145.4,145.75,148.05,181172,26880604.75,22-MAR-2018,1154,INE511C01022,
MAGNUM,EQ,10.85,11.1,10.7,10.8,10.8,11.1,48749,529476.35,22-MAR-2018,91,INE387I01016,
MAHABANK,EQ,14.45,14.45,14.0,14.1,14.05,14.4,1121475,15890560.1,22-MAR-2018,1709,INE457A01014,
MAHASTEEL,EQ,67.25,69.0,67.0,67.15,67.15,67.5,7091,483396.85,22-MAR-2018,310,INE451L01014,
MAHINDCIE,EQ,211.9,215.05,209.25,209.55,209.5,210.8,115364,24454150.2,22-MAR-2018,2544,INE536H01010,
MAHLIFE,EQ,432.6,440.05,422.0,425.4,427.0,430.5,17167,7367945.65,22-MAR-2018,1057,INE813A01018,
MAHLOG,EQ,490.0,495.0,479.0,482.1,485.0,492.75,20270,9804539.5,22-MAR-2018,1079,INE766P01016,
MAHSCOOTER,EQ,2230.0,2261.85,2201.0,2228.75,2220.0,2222.75,13536,30089143.15,22-MAR-2018,1180,INE288A01013,
MAHSEAMLES,EQ,447.75,449.9,440.1,443.1,444.0,449.15,59767,26609253.4,22-MAR-2018,837,INE271B01025,
MAITHANALL,EQ,850.2,850.2,830.1,834.7,834.7,850.2,19932,16762630.25,22-MAR-2018,1462,INE683C01011,
MAJESCO,EQ,494.0,521.0,486.05,504.0,500.3,490.25,444331,226560699.95,22-MAR-2018,14315,INE898S01029,
MALUPAPER,EQ,33.05,33.05,31.7,32.0,31.75,32.95,16925,542112.45,22-MAR-2018,111,INE383H01017,
MANAKALUCO,EQ,9.6,9.6,8.75,8.8,8.75,9.2,21285,189023.85,22-MAR-2018,70,INE859Q01017,
MANAKCOAT,EQ,15.0,15.8,14.2,14.5,14.2,14.85,43827,650612.45,22-MAR-2018,165,INE830Q01018,
MANAKSIA,EQ,50.0,51.5,50.0,50.6,50.55,50.55,31899,1610113.05,22-MAR-2018,185,INE015D01022,
MANAKSTEEL,EQ,31.4,31.45,30.0,30.65,30.2,31.55,100477,3106071.2,22-MAR-2018,336,INE824Q01011,
MANALIPETC,EQ,34.25,35.0,33.6,33.7,33.8,34.2,293791,10020092.95,22-MAR-2018,1574,INE201A01024,
MANAPPURAM,EQ,104.0,104.8,102.55,102.95,102.95,104.2,1662519,172310457.75,22-MAR-2018,11603,INE522D01027,
MANDHANA,EQ,5.9,5.9,5.6,5.65,5.7,5.85,18181,104174.15,22-MAR-2018,69,INE087J01010,
MANGALAM,EQ,172.9,172.9,166.5,167.15,166.5,170.3,36454,6139262.25,22-MAR-2018,801,INE584F01014,
MANGCHEFER,EQ,64.15,65.0,62.1,62.45,62.4,63.3,59140,3734803.7,22-MAR-2018,370,INE558B01017,
MANGLMCEM,EQ,311.0,312.5,305.2,306.65,306.9,308.75,20085,6163310.85,22-MAR-2018,254,INE347A01017,
MANGTIMBER,EQ,25.35,26.85,25.35,25.65,25.5,26.0,22638,584928.2,22-MAR-2018,253,INE805B01012,
MANINDS,EQ,124.85,125.5,122.5,123.1,123.0,124.85,222399,27608025.9,22-MAR-2018,1253,INE993A01026,
MANINFRA,EQ,52.95,53.05,50.0,50.65,50.0,52.5,311543,15960224.05,22-MAR-2018,2324,INE949H01023,
MANPASAND,EQ,364.95,372.85,360.0,366.75,366.35,361.05,104428,38295061.55,22-MAR-2018,3973,INE122R01018,
MANUGRAPH,EQ,45.9,46.75,45.25,46.0,46.0,46.05,79187,3650123.4,22-MAR-2018,93,INE867A01022,
MARALOVER,EQ,32.55,33.25,30.8,31.15,31.15,32.75,26891,857760.75,22-MAR-2018,236,INE882A01013,
MARATHON,EQ,418.7,420.0,401.4,407.8,406.0,410.2,19311,7902674.25,22-MAR-2018,642,INE182D01012,
MARICO,EQ,325.6,327.5,321.25,322.95,322.0,325.8,1363825,443008011.3,22-MAR-2018,21409,INE196A01026,
MARKSANS,EQ,34.45,34.5,33.3,33.4,33.4,34.3,1616447,54900546.25,22-MAR-2018,4229,INE750C01026,
MARUTI,EQ,8870.0,8910.5,8684.4,8696.55,8694.0,8874.65,471749,4144668071.65,22-MAR-2018,65846,INE585B01010,
MASFIN,EQ,565.0,571.0,555.0,565.6,560.0,561.05,36801,20635963.3,22-MAR-2018,2130,INE348L01012,
MASKINVEST,BE,128.7,128.8,128.7,128.8,128.8,122.7,14434,1859019.2,22-MAR-2018,119,INE885F01015,
MASTEK,EQ,579.5,603.75,551.4,560.55,558.0,579.8,1689919,987900889.85,22-MAR-2018,38968,INE759A01021,
MATRIMONY,EQ,801.0,814.0,791.0,794.4,795.0,810.1,497,398265.45,22-MAR-2018,113,INE866R01028,
MAWANASUG,EQ,54.8,54.8,51.2,51.6,51.45,53.75,147718,7787920.55,22-MAR-2018,1163,INE636A01039,
MAXINDIA,EQ,88.0,90.0,88.0,88.15,88.0,88.35,78604,6972387.8,22-MAR-2018,936,INE153U01017,
MAXVIL,EQ,68.1,68.95,67.05,67.75,67.5,68.15,101553,6905067.35,22-MAR-2018,646,INE154U01015,
MAYURUNIQ,EQ,465.0,469.8,465.0,466.15,465.1,465.15,14578,6786668.8,22-MAR-2018,425,INE040D01038,
MAZDA,EQ,348.0,349.8,338.25,341.15,338.25,348.4,6117,2107942.9,22-MAR-2018,299,INE885E01034,
MBECL,EQ,61.0,61.0,59.25,59.65,59.5,60.0,54501,3257236.65,22-MAR-2018,186,INE748A01016,
MBLINFRA,EQ,19.2,19.2,18.0,18.15,18.2,18.7,321251,5966398.6,22-MAR-2018,649,INE912H01013,
MCDHOLDING,EQ,41.75,42.35,41.35,41.6,41.8,42.5,86544,3615495.5,22-MAR-2018,698,INE836H01014,
MCDOWELL-N,EQ,3070.0,3086.4,3040.5,3054.6,3062.2,3072.85,254175,777398433.1,22-MAR-2018,20027,INE854D01016,
MCLEODRUSS,EQ,145.05,145.15,139.0,140.4,141.0,145.15,275974,39018852.15,22-MAR-2018,3379,INE942G01012,
MCX,EQ,765.0,769.65,742.5,743.95,744.0,761.35,304139,228951756.55,22-MAR-2018,9314,INE745G01035,
MEGASOFT,EQ,12.6,13.0,12.3,12.5,12.5,12.6,57639,729831.3,22-MAR-2018,141,INE933B01012,
MEGH,EQ,89.1,89.8,87.05,87.6,87.6,88.8,785238,69318026.0,22-MAR-2018,5509,INE974H01013,
MENONBE,EQ,101.1,102.35,98.1,98.65,98.15,101.45,69449,6994006.8,22-MAR-2018,768,INE071D01033,
MEP,EQ,79.4,80.15,76.25,77.75,77.4,79.05,826192,64575487.25,22-MAR-2018,3889,INE776I01010,
MERCATOR,EQ,34.05,34.15,30.85,31.3,31.55,34.05,1821596,59145066.95,22-MAR-2018,7106,INE934B01028,
MERCK,EQ,1502.0,1525.0,1500.0,1510.45,1500.0,1510.1,8668,13099171.6,22-MAR-2018,1174,INE199A01012,
METALFORGE,EQ,28.3,29.25,27.6,27.75,27.85,28.7,125555,3508681.55,22-MAR-2018,272,INE425A01011,
METKORE,EQ,3.0,3.0,2.7,2.75,2.75,2.85,81027,229191.55,22-MAR-2018,114,INE592I01029,
MFSL,EQ,436.8,443.55,426.0,439.15,439.2,435.5,932912,404308087.1,22-MAR-2018,21676,INE180A01020,
MGL,EQ,987.0,988.2,961.2,965.4,964.0,982.3,159128,154349080.4,22-MAR-2018,5485,INE002S01010,
MHRIL,EQ,283.0,285.0,273.5,274.25,274.6,280.05,86166,23857923.2,22-MAR-2018,2279,INE998I01010,
MIC,EQ,5.0,5.0,5.0,5.0,5.0,5.25,119068,595340.0,22-MAR-2018,195,INE287C01029,
MIDCAPIWIN,EQ,70.24,70.24,69.47,69.63,69.75,70.36,1070,74879.96,22-MAR-2018,30,INF109KB1XT3,
MINDACORP,EQ,182.7,184.0,178.65,179.9,180.45,182.2,206719,37288945.75,22-MAR-2018,1992,INE842C01021,
MINDAIND,EQ,1052.0,1058.9,1032.05,1049.9,1052.0,1051.65,148835,156102825.95,22-MAR-2018,4522,INE405E01023,
MINDTECK,EQ,58.8,58.8,54.5,55.35,55.8,57.15,30271,1685633.0,22-MAR-2018,193,INE110B01017,
MINDTREE,EQ,793.0,795.0,767.55,772.65,772.8,790.9,1811863,1406271404.5,22-MAR-2018,42813,INE018I01017,
MIRCELECTR,EQ,46.8,47.2,45.0,45.45,45.3,46.8,415799,19189024.95,22-MAR-2018,1597,INE831A01028,
MIRZAINT,EQ,114.9,116.5,113.25,114.35,113.85,114.35,208842,23906342.85,22-MAR-2018,1943,INE771A01026,
MMFL,EQ,1021.95,1050.0,1003.0,1034.35,1050.0,1021.95,3684,3792759.95,22-MAR-2018,316,INE227C01017,
MMTC,EQ,61.8,61.85,57.2,57.65,57.35,61.85,2465577,145374318.5,22-MAR-2018,11558,INE123F01029,
MOHITIND,EQ,32.0,32.0,30.0,30.1,30.2,31.4,83383,2541758.15,22-MAR-2018,603,INE954E01012,
MOHOTAIND,EQ,188.5,203.8,179.9,184.3,185.0,185.3,355024,67219079.7,22-MAR-2018,2527,INE313D01013,
MOIL,EQ,195.0,198.25,192.55,193.25,193.3,195.1,234187,45815554.5,22-MAR-2018,3107,INE490G01020,
MOLDTECH,EQ,51.5,52.25,49.8,50.75,51.2,52.3,24148,1223277.25,22-MAR-2018,142,INE835B01035,
MOLDTKPAC,EQ,315.0,317.85,311.0,317.0,317.0,313.95,20842,6589327.0,22-MAR-2018,483,INE893J01029,
MONNETISPA,EQ,20.15,20.25,18.35,18.5,18.55,19.85,1751307,33483700.0,22-MAR-2018,3143,INE743C01013,
MONSANTO,EQ,2555.0,2590.0,2540.2,2568.2,2588.0,2546.3,59125,151690531.45,22-MAR-2018,1206,INE274B01011,
MONTECARLO,EQ,486.95,492.0,476.1,489.75,492.0,484.6,116840,56233226.35,22-MAR-2018,660,INE950M01013,
MORARJEE,EQ,42.0,42.4,39.5,40.0,40.0,40.65,31690,1271938.85,22-MAR-2018,174,INE161G01027,
MOREPENLAB,EQ,32.65,33.1,31.4,31.9,31.65,32.55,1234765,39968924.5,22-MAR-2018,3689,INE083A01026,
MOSERBAER,BE,3.95,3.95,3.75,3.75,3.8,3.9,115408,439777.6,22-MAR-2018,180,INE739A01015,
MOTHERSUMI,EQ,311.0,313.8,308.5,310.95,310.3,308.85,3539976,1099637113.7,22-MAR-2018,50701,INE775A01035,
MOTILALOFS,EQ,1076.0,1082.95,1030.25,1040.65,1042.0,1071.3,96781,101403343.65,22-MAR-2018,6908,INE338I01027,
MOTOGENFIN,EQ,38.55,40.0,38.0,39.05,39.05,39.4,9619,374927.85,22-MAR-2018,45,INE861B01015,
MPHASIS,EQ,858.9,866.9,841.1,844.95,845.05,856.9,133785,114068434.15,22-MAR-2018,14946,INE356A01018,
MPSLTD,EQ,533.0,538.0,525.0,526.7,529.7,533.3,7538,3984854.1,22-MAR-2018,342,INE943D01017,
MRF,EQ,70000.0,70220.0,69257.5,69489.3,69550.0,69966.45,3754,261991571.5,22-MAR-2018,2096,INE883A01011,
MRO-TEK,BE,19.5,19.75,19.5,19.75,19.75,20.1,200,3937.5,22-MAR-2018,2,INE398B01018,
MRPL,EQ,112.0,114.5,108.0,111.85,112.35,112.7,3196136,353276073.35,22-MAR-2018,32795,INE103A01014,
MSPL,EQ,19.2,19.2,17.45,17.5,17.45,18.35,10956,194055.65,22-MAR-2018,56,INE752G01015,
MTEDUCARE,EQ,70.2,70.5,70.0,70.3,70.25,70.2,109866,7719647.5,22-MAR-2018,3211,INE472M01018,
MTNL,EQ,20.5,20.9,19.8,19.95,19.95,19.75,3478241,70384382.15,22-MAR-2018,7694,INE153A01019,
MUKANDENGG,EQ,37.8,39.8,36.3,36.6,36.5,38.0,9237,349227.85,22-MAR-2018,287,INE022B01014,
MUKANDLTD,EQ,65.9,66.85,63.15,63.7,63.15,66.1,50333,3258351.15,22-MAR-2018,439,INE304A01026,
MUKTAARTS,EQ,63.9,65.7,63.1,64.85,64.7,63.45,41532,2690884.85,22-MAR-2018,447,INE374B01019,
MUNJALAU,EQ,72.05,72.4,70.25,70.55,70.7,72.3,114321,8104105.35,22-MAR-2018,569,INE672B01032,
MUNJALSHOW,EQ,214.35,215.0,208.2,209.05,209.0,212.35,22208,4672160.9,22-MAR-2018,722,INE577A01027,
MURUDCERA,EQ,35.7,35.8,34.15,34.3,34.6,34.95,51046,1773220.1,22-MAR-2018,345,INE692B01014,
MUTHOOTCAP,EQ,748.0,748.0,715.45,723.8,721.0,737.9,135143,97856767.0,22-MAR-2018,370,INE296G01013,
MUTHOOTFIN,EQ,398.0,399.4,386.85,389.2,388.1,394.45,693589,273255066.05,22-MAR-2018,12206,INE414G01012,
MVL,EQ,0.45,0.45,0.4,0.4,0.45,0.45,504840,203116.5,22-MAR-2018,39,INE744I01034,
N100,EQ,521.01,526.1,521.01,525.0,525.0,536.0,1041,546616.82,22-MAR-2018,52,INF247L01031,
NACLIND,EQ,42.8,42.8,41.5,41.5,42.0,41.45,88339,3684912.45,22-MAR-2018,414,INE295D01020,
NAGAFERT,EQ,17.35,17.8,16.1,16.25,16.3,16.65,865942,14542784.85,22-MAR-2018,2324,INE454M01024,
NAGAROIL,EQ,4.0,4.0,3.85,3.9,3.9,3.95,197867,774436.1,22-MAR-2018,227,INE453M01018,
NAGREEKCAP,EQ,37.4,38.0,35.6,35.85,36.0,37.45,5514,201598.05,22-MAR-2018,62,INE245I01016,
NAGREEKEXP,EQ,29.9,29.9,28.0,28.2,28.0,28.55,8616,245071.65,22-MAR-2018,41,INE123B01028,
NAHARCAP,EQ,130.0,133.7,124.2,126.55,127.0,130.0,5043,644062.05,22-MAR-2018,154,INE049I01012,
NAHARINDUS,EQ,78.4,78.4,75.25,75.5,76.25,77.3,26446,2024935.8,22-MAR-2018,157,INE289A01011,
NAHARPOLY,EQ,55.4,58.0,54.7,55.0,55.2,55.6,5989,333205.05,22-MAR-2018,89,INE308A01027,
NAHARSPING,EQ,91.7,91.95,87.7,88.65,89.0,91.5,41841,3761927.3,22-MAR-2018,663,INE290A01027,
NAKODA,BE,0.4,0.4,0.35,0.35,0.35,0.4,56129,20118.15,22-MAR-2018,52,INE559B01023,
NATCOPHARM,EQ,784.0,790.0,777.0,785.6,782.45,782.05,138831,108974247.6,22-MAR-2018,4053,INE987B01026,
NATHBIOGEN,EQ,420.9,426.0,407.15,414.9,411.7,419.65,117607,49223824.05,22-MAR-2018,1588,INE448G01010,
NATIONALUM,EQ,64.7,70.25,64.65,69.2,68.75,64.85,16839608,1152802420.5,22-MAR-2018,52338,INE139A01034,
NATNLSTEEL,EQ,31.4,31.8,30.0,30.15,30.0,31.45,19481,597142.65,22-MAR-2018,165,INE088B01015,
NAUKRI,EQ,1280.0,1280.0,1245.15,1247.6,1247.95,1267.35,164782,206076350.65,22-MAR-2018,2024,INE663F01024,
NAVINFLUOR,EQ,773.0,783.0,755.0,762.75,762.0,769.3,23453,18043535.85,22-MAR-2018,1740,INE048G01026,
NAVKARCORP,EQ,158.1,158.1,150.0,151.55,152.5,155.5,121208,18614987.35,22-MAR-2018,1520,INE278M01019,
NAVNETEDUL,EQ,141.2,143.6,139.0,141.6,143.15,143.15,799399,113469938.5,22-MAR-2018,1633,INE060A01024,
NBCC,EQ,196.75,198.8,194.0,196.7,196.2,196.15,1828536,359052309.3,22-MAR-2018,11352,INE095N01023,
NBIFIN,EQ,1416.0,1449.0,1400.0,1400.0,1400.0,1399.05,120,170086.0,22-MAR-2018,15,INE365I01020,
NBVENTURES,EQ,136.75,138.4,132.9,135.9,135.5,135.75,134949,18284253.75,22-MAR-2018,1455,INE725A01022,
NCC,EQ,121.3,122.5,118.5,119.0,118.6,121.3,2593001,312033978.65,22-MAR-2018,10009,INE868B01028,
NCLIND,EQ,224.9,229.0,220.55,222.35,221.35,221.8,85830,19267905.85,22-MAR-2018,1705,INE732C01016,
NDGL,EQ,1300.0,1305.0,1236.0,1238.35,1239.0,1294.75,264,334130.6,22-MAR-2018,38,INE756C01015,
NDL,EQ,133.7,134.8,130.7,132.1,133.4,132.0,76778,10198234.85,22-MAR-2018,947,INE875G01030,
NDTV,EQ,43.4,45.5,43.4,44.6,44.75,43.9,62589,2790097.7,22-MAR-2018,328,INE155G01029,
NECCLTD,EQ,18.55,19.35,18.5,18.55,18.55,18.75,37431,703092.7,22-MAR-2018,211,INE553C01016,
NECLIFE,EQ,29.0,29.05,27.3,27.7,28.0,28.65,185797,5256895.85,22-MAR-2018,913,INE023H01027,
NELCAST,EQ,84.45,85.0,81.15,81.9,81.7,84.6,74912,6178134.15,22-MAR-2018,848,INE189I01024,
NELCO,EQ,158.85,161.45,152.6,153.85,153.55,157.8,168029,26257788.85,22-MAR-2018,1860,INE045B01015,
NESCO,EQ,548.1,560.0,548.05,550.8,555.0,548.7,24486,13568089.85,22-MAR-2018,1361,INE317F01035,
NESTLEIND,EQ,7848.0,7916.0,7817.35,7840.75,7840.0,7853.25,60100,473323307.0,22-MAR-2018,14623,INE239A01016,
NETWORK18,EQ,56.7,56.85,55.75,56.15,56.5,56.35,603265,33844050.3,22-MAR-2018,1951,INE870H01013,
NEULANDLAB,EQ,716.0,730.0,700.15,712.75,709.8,716.05,5897,4209162.6,22-MAR-2018,731,INE794A01010,
NEWGEN,EQ,230.6,232.7,228.0,229.05,228.1,230.45,48979,11255917.6,22-MAR-2018,4759,INE619B01017,
NEXTMEDIA,EQ,14.25,14.95,14.25,14.75,14.65,14.6,234189,3453453.15,22-MAR-2018,81,INE747B01016,
NFL,EQ,58.1,58.85,55.0,55.2,55.3,56.8,876865,49288530.95,22-MAR-2018,4188,INE870D01012,
NH,EQ,295.1,296.95,291.0,291.95,292.7,295.75,37723,11085960.45,22-MAR-2018,3982,INE410P01011,
NHPC,EQ,26.5,26.5,26.15,26.2,26.25,26.4,2374808,62532659.7,22-MAR-2018,6198,INE848E01016,
NIACL,EQ,698.0,701.0,672.5,676.2,680.0,692.55,74228,51321738.6,22-MAR-2018,1500,INE470Y01017,
NIBL,EQ,22.0,22.95,21.3,22.0,22.0,22.1,15042,329000.1,22-MAR-2018,43,INE047O01014,
NIF100IWIN,EQ,110.75,111.07,109.83,109.98,109.83,110.76,1707,188965.45,22-MAR-2018,36,INF109KA1962,
NIFTYBEES,EQ,1099.99,1099.99,1043.0,1045.79,1043.1,1049.05,99776,104546789.62,22-MAR-2018,1001,INF732E01011,
NIFTYEES,EQ,9900.0,9900.0,9900.0,9900.0,9900.0,10000.0,1,9900.0,22-MAR-2018,1,INF754K01EK3,
NIFTYIWIN,EQ,106.0,106.0,104.0,104.27,104.37,104.66,24563,2575097.37,22-MAR-2018,2232,INF109K012R6,
NIITLTD,EQ,91.0,92.9,88.0,88.9,88.9,90.65,529468,47687227.35,22-MAR-2018,11699,INE161A01038,
NIITTECH,EQ,945.5,953.35,925.35,932.6,931.0,949.65,1814100,1694817129.7,22-MAR-2018,32897,INE591G01017,
NILAINFRA,EQ,20.65,21.15,20.1,20.15,20.15,20.55,739980,15179173.1,22-MAR-2018,1506,INE937C01029,
NILKAMAL,EQ,1617.0,1617.0,1589.0,1593.95,1589.2,1597.55,13897,22238605.9,22-MAR-2018,2671,INE310A01015,
NIPPOBATRY,EQ,832.8,842.9,830.0,832.6,830.0,839.3,502,417971.4,22-MAR-2018,39,INE567A01010,
NITCO,EQ,106.75,107.0,102.85,103.7,103.65,106.6,100387,10495756.55,22-MAR-2018,1407,INE858F01012,
NITESHEST,BE,12.7,13.3,12.1,12.35,12.7,12.7,299453,3883485.3,22-MAR-2018,366,INE639K01016,
NITINFIRE,EQ,3.95,3.95,3.8,3.8,3.8,4.0,976788,3750857.4,22-MAR-2018,745,INE489H01020,
NITINSPIN,EQ,100.0,100.65,98.2,98.9,98.65,101.0,28440,2826309.4,22-MAR-2018,674,INE229H01012,
NKIND,EQ,49.1,51.35,48.95,49.0,48.95,51.5,4600,230994.0,22-MAR-2018,26,INE542C01019,
NLCINDIA,EQ,94.55,95.4,93.3,93.65,93.55,94.5,497779,46847080.7,22-MAR-2018,3163,INE589A01014,
NMDC,EQ,120.7,122.5,119.6,121.0,120.9,120.95,3767362,456648992.45,22-MAR-2018,12730,INE584A01023,
NOCIL,EQ,195.5,198.4,194.5,196.25,196.8,196.85,436574,85833977.95,22-MAR-2018,8482,INE163A01018,
NOIDATOLL,EQ,12.3,12.6,12.2,12.2,12.2,12.4,113332,1396878.4,22-MAR-2018,235,INE781B01015,
NORBTEAEXP,BE,7.0,7.0,6.9,6.9,6.9,6.9,3000,20800.0,22-MAR-2018,5,INE369C01017,
NRAIL,EQ,437.7,447.8,432.5,434.9,432.5,442.1,5020,2199857.0,22-MAR-2018,203,INE740D01017,
NRBBEARING,EQ,156.0,157.85,153.05,153.6,154.0,154.95,49544,7666634.2,22-MAR-2018,894,INE349A01021,
NSIL,EQ,1055.05,1069.95,1050.0,1050.0,1050.0,1050.0,400,420750.0,22-MAR-2018,24,INE023A01030,
NTL,EQ,3.5,3.55,3.35,3.4,3.4,3.5,36250,123914.6,22-MAR-2018,78,INE333I01036,
NTPC,EQ,169.0,171.2,168.5,170.95,171.0,170.35,3726928,634027477.25,22-MAR-2018,19028,INE733E01010,
NUCLEUS,EQ,415.2,422.0,411.65,415.5,415.0,413.65,14106,5872250.5,22-MAR-2018,710,INE096B01018,
NUTEK,EQ,0.95,0.95,0.95,0.95,0.95,1.0,107666,102282.7,22-MAR-2018,47,INE318J01027,
NV20IWIN,EQ,46.6,46.6,46.12,46.12,46.12,46.58,714,33183.84,22-MAR-2018,8,INF109KB1WY5,
OBEROIRLTY,EQ,496.6,510.5,485.0,487.55,490.0,502.5,486178,241702875.7,22-MAR-2018,12376,INE093I01010,
OCCL,EQ,1066.3,1066.3,999.35,1018.35,1021.0,1025.3,8148,8287565.85,22-MAR-2018,739,INE321D01016,
OCL,EQ,1308.05,1330.5,1275.0,1295.75,1326.9,1330.5,26246,34036498.55,22-MAR-2018,1875,INE290B01025,
OFSS,EQ,3800.7,3842.25,3757.9,3816.05,3811.0,3828.75,21714,82528658.5,22-MAR-2018,2587,INE881D01027,
OIL,EQ,334.0,344.55,334.0,341.35,343.9,332.25,1513899,513983119.0,22-MAR-2018,17356,INE274J01014,
OILCOUNTUB,EQ,37.05,38.0,33.05,33.55,33.4,35.35,624531,22011444.75,22-MAR-2018,4755,INE591A01010,
OISL,EQ,2.85,2.95,2.8,2.85,2.9,2.9,69314,195650.9,22-MAR-2018,55,INE196J01019,
OMAXAUTO,BE,145.05,149.5,138.75,141.5,142.2,145.9,27732,3929651.45,22-MAR-2018,329,INE090B01011,
OMAXE,EQ,226.8,226.95,225.1,225.25,225.2,226.75,396323,89332562.95,22-MAR-2018,3419,INE800H01010,
OMKARCHEM,EQ,39.8,39.8,39.55,39.8,39.8,37.95,154582,6151262.05,22-MAR-2018,634,INE474L01016,
OMMETALS,EQ,51.35,51.95,50.0,50.5,50.0,51.3,87378,4475797.25,22-MAR-2018,662,INE239D01028,
ONELIFECAP,EQ,22.0,22.55,21.5,21.7,21.5,22.1,36874,796220.1,22-MAR-2018,60,INE912L01015,
ONGC,EQ,177.0,181.7,176.55,178.9,179.0,175.55,8348549,1501135022.9,22-MAR-2018,61470,INE213A01029,
ONMOBILE,EQ,42.6,42.75,40.65,40.95,41.0,42.25,346930,14396352.45,22-MAR-2018,2307,INE809I01019,
ONWARDTEC,EQ,94.0,96.5,90.8,91.3,91.0,93.2,103631,9536325.35,22-MAR-2018,489,INE229A01017,
OPTIEMUS,BE,238.05,238.95,232.0,237.8,238.0,234.8,27489,6518275.65,22-MAR-2018,205,INE350C01017,
OPTOCIRCUI,EQ,8.1,8.1,7.9,7.95,8.05,8.05,377464,3020495.35,22-MAR-2018,474,INE808B01016,
ORBTEXP,EQ,147.1,152.0,142.2,143.9,142.35,147.45,7628,1112821.1,22-MAR-2018,270,INE231G01010,
ORICONENT,EQ,51.0,51.45,49.05,49.8,50.05,51.0,285495,14301867.2,22-MAR-2018,2174,INE730A01022,
ORIENTABRA,EQ,35.85,35.85,33.05,33.3,33.1,34.75,52513,1775577.2,22-MAR-2018,310,INE569C01020,
ORIENTALTL,EQ,13.3,13.45,12.65,12.9,12.9,13.3,21606,277452.45,22-MAR-2018,54,INE998H01012,
ORIENTBANK,EQ,95.9,96.0,94.05,94.5,94.35,95.65,2391738,226934072.55,22-MAR-2018,8724,INE141A01014,
ORIENTBELL,EQ,289.0,289.0,274.0,276.75,275.5,287.95,23231,6501049.55,22-MAR-2018,448,INE607D01018,
ORIENTCEM,EQ,143.0,143.0,137.05,138.35,137.5,139.65,60159,8353518.85,22-MAR-2018,1203,INE876N01018,
ORIENTHOT,EQ,44.25,44.75,42.5,43.0,43.0,43.35,66825,2910492.15,22-MAR-2018,518,INE750A01020,
ORIENTLTD,EQ,263.0,263.1,256.35,258.1,258.55,259.65,24336,6319841.5,22-MAR-2018,491,INE609C01024,
ORIENTPPR,EQ,38.4,38.55,38.0,38.05,38.0,38.3,122824,4687684.4,22-MAR-2018,562,INE592A01026,
ORIENTREF,EQ,158.0,159.7,156.35,157.35,157.1,159.25,32179,5069517.35,22-MAR-2018,276,INE743M01012,
ORISSAMINE,EQ,1626.8,1640.0,1601.05,1608.2,1608.0,1627.25,3466,5612237.5,22-MAR-2018,502,INE725E01024,
ORTEL,EQ,24.1,24.2,20.6,21.4,21.05,24.1,33045,741593.3,22-MAR-2018,300,INE849L01019,
ORTINLABSS,EQ,18.0,18.9,17.1,17.2,17.1,18.0,24120,437934.6,22-MAR-2018,94,INE749B01012,
OSWALAGRO,BE,12.6,13.8,12.6,12.95,13.55,13.15,12622,167745.8,22-MAR-2018,41,INE142A01012,
PAEL,BE,6.3,6.3,6.3,6.3,6.3,6.6,250,1575.0,22-MAR-2018,1,INE766A01018,
PAGEIND,EQ,20849.95,20850.0,20502.05,20641.7,20515.0,20811.05,10436,216048226.55,22-MAR-2018,3917,INE761H01022,
PAISALO,EQ,300.0,300.0,286.25,287.35,290.0,293.05,1296,374741.35,22-MAR-2018,80,INE420C01042,
PALASHSECU,EQ,55.05,56.9,53.05,53.1,53.05,55.3,5151,283468.0,22-MAR-2018,35,INE471W01019,
PALREDTEC,EQ,71.7,73.1,69.0,69.2,69.6,72.65,7875,554345.6,22-MAR-2018,170,INE218G01033,
PANACEABIO,EQ,278.05,282.85,271.0,273.55,275.9,276.6,71601,19837828.0,22-MAR-2018,3780,INE922B01023,
PANAMAPET,EQ,190.05,192.35,183.15,189.6,189.7,191.1,25974,4900967.2,22-MAR-2018,818,INE305C01029,
PANORAMUNI,EQ,9.2,9.2,8.6,8.8,8.75,9.0,63962,566464.0,22-MAR-2018,120,INE194B01029,
PAPERPROD,EQ,302.85,312.45,302.0,310.9,311.7,305.5,8637,2657139.15,22-MAR-2018,351,INE275B01026,
PARABDRUGS,EQ,8.0,8.0,7.4,7.5,7.5,7.7,20985,159337.2,22-MAR-2018,61,INE618H01016,
PARACABLES,EQ,12.9,12.9,12.35,12.35,12.35,12.6,128374,1597364.4,22-MAR-2018,151,INE074B01023,
PARAGMILK,EQ,265.0,265.0,255.05,256.6,256.0,264.35,386315,100492708.25,22-MAR-2018,16807,INE883N01014,
PARSVNATH,EQ,15.65,16.05,14.8,15.0,15.15,15.55,221818,3346254.1,22-MAR-2018,365,INE561H01026,
PATELENG,EQ,66.6,66.9,64.4,64.7,64.55,66.3,163585,10707551.3,22-MAR-2018,1637,INE244B01030,
PATINTLOG,EQ,59.05,60.0,57.85,58.05,58.0,59.55,17531,1030982.5,22-MAR-2018,227,INE529D01014,
PATSPINLTD,EQ,15.3,15.65,14.4,14.7,14.4,15.15,71876,1078307.35,22-MAR-2018,139,INE790C01014,
PBAINFRA,EQ,14.55,14.55,13.35,13.45,13.35,14.05,16215,221461.15,22-MAR-2018,101,INE160H01019,
PCJEWELLER,EQ,346.0,361.9,340.0,341.55,340.3,344.2,8963703,3125342277.05,22-MAR-2018,88720,INE785M01013,
PDMJEPAPER,EQ,26.75,26.75,24.35,24.95,25.0,26.05,76859,1923611.85,22-MAR-2018,434,INE865T01018,
PDPL,EQ,16.95,17.7,16.25,16.35,16.35,16.95,20502,340222.35,22-MAR-2018,51,INE904D01019,
PDSMFL,EQ,300.0,309.9,295.95,299.7,298.0,295.95,2898,865207.0,22-MAR-2018,73,INE111Q01013,
PDUMJEIND,EQ,12.9,13.7,12.55,12.7,12.7,12.95,1118,14545.45,22-MAR-2018,47,INE105C01023,
PEARLPOLY,BE,22.5,22.5,21.35,22.0,22.3,22.45,34753,763534.45,22-MAR-2018,74,INE844A01013,
PEL,EQ,2461.05,2503.35,2461.05,2477.7,2469.25,2477.75,121666,302094199.85,22-MAR-2018,11074,INE140A01024,
PENIND,EQ,54.35,54.4,53.1,53.6,53.45,53.85,240126,12883224.05,22-MAR-2018,3701,INE932A01024,
PENINLAND,EQ,23.25,23.25,22.05,22.3,22.3,22.85,748939,16807039.45,22-MAR-2018,2244,INE138A01028,
PENPEBS,EQ,80.75,82.8,80.2,81.5,81.1,81.45,36355,2966249.75,22-MAR-2018,294,INE455O01019,
PERSISTENT,EQ,801.1,806.5,774.95,787.9,785.1,799.8,167786,132952035.2,22-MAR-2018,10433,INE262H01013,
PETRONENGG,EQ,96.0,96.0,89.05,89.85,89.25,92.55,4015,365877.7,22-MAR-2018,168,INE742A01019,
PETRONET,EQ,236.0,236.0,232.5,234.15,234.0,235.5,1319444,309002614.4,22-MAR-2018,46640,INE347G01014,
PFC,EQ,89.4,89.4,86.6,86.8,86.75,89.0,4815269,421062032.1,22-MAR-2018,23089,INE134E01011,
PFIZER,EQ,2137.0,2137.0,2075.2,2113.15,2129.0,2109.95,8623,18145784.9,22-MAR-2018,1413,INE182A01018,
PFOCUS,EQ,88.9,89.9,86.15,87.25,89.0,89.05,50312,4401315.95,22-MAR-2018,546,INE367G01038,
PFS,EQ,26.7,26.7,25.5,25.7,25.8,26.6,1473606,38331105.1,22-MAR-2018,3824,INE560K01014,
PGEL,EQ,241.1,243.05,236.0,237.2,237.95,240.6,47950,11453534.1,22-MAR-2018,779,INE457L01011,
PGHH,EQ,9242.05,9439.1,9161.05,9320.1,9370.05,9200.9,2856,26506817.5,22-MAR-2018,1068,INE179A01014,
PGIL,EQ,111.0,111.85,109.95,110.5,111.0,111.0,3289,363614.0,22-MAR-2018,59,INE940H01014,
PHILIPCARB,EQ,1045.0,1049.4,1011.0,1015.45,1014.5,1039.75,157180,161018209.4,22-MAR-2018,6770,INE602A01015,
PHOENIXLTD,EQ,603.0,610.0,596.0,602.05,600.15,607.45,19524,11751575.25,22-MAR-2018,1129,INE211B01039,
PIDILITIND,EQ,904.7,910.6,901.75,908.1,903.1,902.35,535576,486399362.7,22-MAR-2018,30942,INE318A01026,
PIIND,EQ,822.55,829.9,818.05,823.25,820.5,822.55,59461,48871203.15,22-MAR-2018,6174,INE603J01030,
PILANIINVS,BE,2683.05,2723.4,2681.8,2684.85,2681.8,2716.7,591,1598134.8,22-MAR-2018,41,INE417C01014,
PILITA,BE,12.1,12.5,11.55,12.3,12.3,11.95,18061,214016.45,22-MAR-2018,56,INE600A01035,
PINCON,EQ,23.55,23.55,22.0,22.05,22.0,23.15,309632,6918671.8,22-MAR-2018,1451,INE675G01018,
PIONDIST,EQ,182.9,182.9,175.55,176.9,177.6,176.1,2446,431794.85,22-MAR-2018,83,INE889E01010,
PIONEEREMB,EQ,33.05,33.55,31.0,31.45,31.4,32.7,16074,513523.55,22-MAR-2018,326,INE156C01018,
PITTILAM,EQ,84.5,85.6,82.0,82.75,83.0,84.15,36864,3074399.4,22-MAR-2018,401,INE450D01021,
PKTEA,BE,344.7,344.7,323.0,325.9,333.5,339.6,1019,334461.7,22-MAR-2018,68,INE431F01018,
PLASTIBLEN,EQ,205.0,205.0,198.5,199.1,199.75,200.6,25748,5195516.2,22-MAR-2018,2966,INE083C01022,
PNB,EQ,97.65,98.15,95.7,96.55,95.8,97.6,16401398,1588634862.85,22-MAR-2018,41827,INE160A01022,
PNBGILTS,EQ,35.3,35.8,34.6,34.7,34.85,35.25,161141,5651312.4,22-MAR-2018,725,INE859A01011,
PNBHOUSING,EQ,1168.25,1182.0,1142.3,1156.05,1153.0,1176.75,92416,107083873.05,22-MAR-2018,4861,INE572E01012,
PNC,EQ,16.6,16.95,16.15,16.2,16.8,16.65,466,7737.1,22-MAR-2018,13,INE392B01011,
PNCINFRA,EQ,160.2,162.6,156.4,159.05,159.45,160.2,177927,28462702.8,22-MAR-2018,3627,INE195J01029,
POCHIRAJU,BE,4.15,4.15,4.0,4.05,4.05,4.2,15114,61142.1,22-MAR-2018,32,INE332G01032,
PODDARHOUS,EQ,1055.6,1089.0,1040.1,1040.1,1040.1,1055.55,607,637289.4,22-MAR-2018,15,INE888B01018,
PODDARMENT,EQ,283.0,285.8,274.55,281.0,281.0,277.15,9876,2785971.55,22-MAR-2018,786,INE371C01013,
POKARNA,EQ,194.55,203.15,194.55,198.1,198.95,194.5,27063,5388300.2,22-MAR-2018,527,INE637C01025,
POLARIS,EQ,473.5,473.6,464.05,473.35,473.2,473.3,69123,32687760.8,22-MAR-2018,3886,INE763A01023,
POLYMED,EQ,252.0,253.05,248.1,249.6,248.1,250.1,3837,959314.65,22-MAR-2018,167,INE205C01021,
POLYPLEX,EQ,484.0,488.0,472.1,478.7,476.0,485.75,19951,9526225.4,22-MAR-2018,882,INE633B01018,
PONNIERODE,EQ,157.0,157.0,153.05,153.65,156.8,152.6,1958,301540.75,22-MAR-2018,37,INE838E01017,
POWERGRID,EQ,194.2,194.7,192.25,192.7,192.35,194.2,6396662,1235190275.0,22-MAR-2018,30071,INE752E01010,
POWERMECH,EQ,862.0,864.75,842.2,849.65,844.0,859.35,4120,3510423.05,22-MAR-2018,153,INE211R01019,
PPAP,EQ,535.0,542.9,525.5,527.55,531.5,539.3,12643,6710672.3,22-MAR-2018,583,INE095I01015,
PRABHAT,EQ,155.1,161.0,155.1,156.9,158.3,158.35,41765,6624089.2,22-MAR-2018,1588,INE302M01033,
PRADIP,BE,2.05,2.2,2.05,2.05,2.05,2.15,3268,6701.05,22-MAR-2018,9,INE495J01015,
PRAENG,EQ,12.0,12.15,11.9,11.95,12.0,12.25,62042,743504.15,22-MAR-2018,95,INE505C01016,
PRAJIND,EQ,84.0,84.5,81.55,82.2,81.8,83.55,306786,25315860.9,22-MAR-2018,3880,INE074A01025,
PRAKASH,EQ,175.65,178.0,171.0,171.75,171.8,176.1,1269247,220229928.05,22-MAR-2018,10073,INE603A01013,
PRAKASHCON,EQ,6.35,6.4,6.1,6.25,6.15,6.4,962658,5915178.45,22-MAR-2018,458,INE023M01027,
PRATIBHA,EQ,6.45,6.75,6.4,6.4,6.4,6.7,90443,586774.25,22-MAR-2018,138,INE308H01022,
PRAXIS,EQ,197.0,201.35,177.0,186.9,186.0,183.05,129050,24578544.4,22-MAR-2018,1628,INE546Y01022,
PRECAM,EQ,97.25,99.7,96.0,98.1,98.5,96.8,45520,4472752.95,22-MAR-2018,338,INE484I01029,
PRECOT,EQ,62.4,62.4,58.0,58.65,58.0,61.6,7481,444561.25,22-MAR-2018,71,INE283A01014,
PRECWIRE,EQ,266.0,272.7,265.0,266.6,265.0,266.0,27508,7361249.8,22-MAR-2018,733,INE372C01029,
PREMEXPLN,EQ,345.0,351.0,335.0,336.4,336.0,342.55,5499,1877039.6,22-MAR-2018,184,INE863B01011,
PREMIER,EQ,23.9,24.7,22.9,23.25,23.0,24.0,54637,1286559.4,22-MAR-2018,415,INE342A01018,
PREMIERPOL,EQ,41.75,42.95,40.6,41.05,41.05,42.15,3079,126417.6,22-MAR-2018,25,INE309M01012,
PRESSMN,EQ,50.75,52.4,46.8,48.6,48.35,51.4,70759,3492125.85,22-MAR-2018,742,INE980A01023,
PRESTIGE,EQ,288.4,295.0,283.45,288.7,289.9,289.35,1295979,370942575.25,22-MAR-2018,8376,INE811K01011,
PRICOLLTD,EQ,86.1,86.8,84.05,85.05,85.0,85.85,157081,13350330.15,22-MAR-2018,1577,INE726V01018,
PRIMESECU,EQ,52.05,54.0,50.05,50.85,50.45,52.05,232086,12098637.15,22-MAR-2018,1031,INE032B01021,
PRISMCEM,EQ,117.15,117.8,113.5,114.05,114.1,116.3,260815,30183629.7,22-MAR-2018,2369,INE010A01011,
PROVOGE,EQ,4.55,4.55,4.35,4.4,4.5,4.45,107493,476104.7,22-MAR-2018,112,INE968G01033,
PROZONINTU,EQ,50.75,51.35,47.2,47.85,48.15,50.1,266999,13063792.5,22-MAR-2018,1609,INE195N01013,
PSB,EQ,36.7,37.7,36.1,36.25,36.15,36.85,134863,4974182.65,22-MAR-2018,894,INE608A01012,
PSL,BE,3.6,3.7,3.5,3.55,3.5,3.65,35393,126198.6,22-MAR-2018,46,INE474B01017,
PSPPROJECT,EQ,477.0,477.0,458.05,460.5,458.15,468.25,18718,8696932.5,22-MAR-2018,424,INE488V01015,
PSUBNKBEES,EQ,317.5,317.74,309.51,311.36,313.02,318.0,30072,9377173.16,22-MAR-2018,206,INF732E01110,
PTC,EQ,91.05,91.05,88.15,88.6,88.75,90.4,1445569,128835228.95,22-MAR-2018,6570,INE877F01012,
PTL,EQ,49.9,50.55,47.25,47.8,47.75,48.15,41433,2024943.1,22-MAR-2018,266,INE034D01031,
PUNJABCHEM,EQ,404.9,410.0,403.3,405.65,406.0,402.45,7928,3230941.95,22-MAR-2018,134,INE277B01014,
PUNJLLOYD,EQ,17.4,17.6,16.85,16.95,16.85,17.45,1109103,19024591.15,22-MAR-2018,2571,INE701B01021,
PURVA,EQ,143.0,145.7,140.45,142.2,142.0,142.25,197085,28168447.2,22-MAR-2018,3407,INE323I01011,
PVP,EQ,5.75,6.0,5.7,5.7,5.75,6.0,361020,2098234.05,22-MAR-2018,483,INE362A01016,
PVR,EQ,1237.9,1248.05,1220.65,1233.4,1228.3,1232.25,188798,232516467.2,22-MAR-2018,24077,INE191H01014,
QGOLDHALF,EQ,1351.0,1361.0,1351.0,1359.5,1360.0,1349.8,324,439555.8,22-MAR-2018,46,INF082J01010,
QNIFTY,EQ,1019.7,1019.7,1019.1,1019.1,1019.1,1015.5,20,20388.0,22-MAR-2018,2,INF082J01028,
QUESS,EQ,1025.0,1055.0,1021.85,1030.6,1032.0,1029.85,76813,79487147.85,22-MAR-2018,5372,INE615P01015,
QUICKHEAL,EQ,286.9,288.0,277.1,280.3,279.95,285.0,137495,38822613.2,22-MAR-2018,2710,INE306L01010,
RADAAN,EQ,1.9,1.9,1.9,1.9,1.9,1.9,4454,8462.6,22-MAR-2018,6,INE874F01027,
RADICO,EQ,345.15,353.0,339.5,341.9,341.95,343.05,2233019,773151263.95,22-MAR-2018,28149,INE944F01028,
RADIOCITY,EQ,381.15,385.0,376.2,380.2,378.1,380.1,55694,21170427.85,22-MAR-2018,922,INE919I01016,
RAIN,EQ,388.45,390.9,378.0,380.25,380.95,388.85,1453387,557168417.85,22-MAR-2018,23333,INE855B01025,
RAINBOWPAP,BE,2.65,2.75,2.55,2.55,2.55,2.65,145918,373653.15,22-MAR-2018,77,INE028D01025,
RAJESHEXPO,EQ,728.35,738.0,726.0,728.7,727.6,726.6,76149,55557588.7,22-MAR-2018,4132,INE343B01030,
RAJRAYON,BE,0.4,0.4,0.35,0.4,0.35,0.4,148604,53896.3,22-MAR-2018,34,INE533D01024,
RAJSREESUG,EQ,33.0,33.35,31.0,31.1,31.05,32.6,19780,629702.4,22-MAR-2018,282,INE562B01019,
RAJTV,EQ,52.2,53.9,52.15,53.2,52.55,53.25,12808,678167.0,22-MAR-2018,97,INE952H01027,
RAJVIR,BE,46.0,46.0,46.0,46.0,46.0,43.85,1,46.0,22-MAR-2018,1,INE011H01014,
RALLIS,EQ,218.0,230.0,213.0,220.55,224.0,218.75,225480,49012917.65,22-MAR-2018,4611,INE613A01020,
RAMANEWS,EQ,28.9,29.4,27.25,27.35,27.3,27.7,27394,757757.2,22-MAR-2018,160,INE278B01020,
RAMASTEEL,BE,191.0,192.8,182.0,189.15,183.3,188.65,7640,1444991.2,22-MAR-2018,114,INE230R01027,
RAMCOCEM,EQ,735.0,742.0,724.8,736.05,738.1,734.3,348303,254342632.6,22-MAR-2018,10539,INE331A01037,
RAMCOIND,EQ,239.95,241.8,233.2,234.75,236.0,238.05,128525,30469531.4,22-MAR-2018,1684,INE614A01028,
RAMCOSYS,EQ,390.05,393.9,377.4,380.75,379.6,388.8,30516,11729334.45,22-MAR-2018,1386,INE246B01019,
RAMGOPOLY,BE,17.0,17.0,16.15,16.15,16.15,17.0,809,13066.2,22-MAR-2018,14,INE410D01017,
RAMKY,EQ,192.5,193.6,183.5,185.4,187.0,190.8,188438,35255885.25,22-MAR-2018,2930,INE874I01013,
RAMSARUP,BE,1.5,1.5,1.5,1.5,1.5,1.5,300,450.0,22-MAR-2018,2,INE005D01015,
RANASUG,EQ,5.0,5.0,4.8,4.85,4.85,4.95,235393,1151071.2,22-MAR-2018,341,INE625B01014,
RANEENGINE,EQ,495.05,507.0,489.9,493.6,490.05,500.1,2173,1079795.6,22-MAR-2018,137,INE222J01013,
RANEHOLDIN,EQ,2590.0,2638.0,2483.0,2499.9,2500.0,2597.95,5488,13860615.05,22-MAR-2018,636,INE384A01010,
RATNAMANI,EQ,909.85,909.85,879.95,887.1,889.8,906.2,29779,26499440.05,22-MAR-2018,534,INE703B01027,
RAYMOND,EQ,929.1,949.3,923.1,928.0,927.0,933.4,428668,401407713.0,22-MAR-2018,9169,INE301A01014,
RBL,EQ,990.85,990.85,950.95,958.8,953.0,987.55,7832,7586821.15,22-MAR-2018,746,INE244J01017,
RBLBANK,EQ,463.0,467.0,459.05,462.7,462.6,462.1,751828,348228667.6,22-MAR-2018,24087,INE976G01028,
RCF,EQ,78.6,79.5,76.0,76.25,76.35,75.4,4903983,379523418.9,22-MAR-2018,22690,INE027A01015,
RCOM,EQ,25.55,26.3,23.5,23.8,23.6,25.3,132481098,3289452366.35,22-MAR-2018,112794,INE330H01018,
RECLTD,EQ,130.85,130.85,126.15,126.4,126.35,130.1,3903245,498143487.85,22-MAR-2018,25627,INE020B01018,
REDINGTON,EQ,136.25,139.4,133.25,136.3,139.0,136.1,135065,18237677.2,22-MAR-2018,6520,INE891D01026,
REFEX,EQ,17.5,17.95,16.95,16.95,16.95,17.8,17601,303246.4,22-MAR-2018,75,INE056I01017,
REGENCERAM,BE,5.0,5.0,5.0,5.0,5.0,5.0,102,510.0,22-MAR-2018,2,INE277C01012,
RELAXO,EQ,609.3,615.35,601.0,610.45,607.0,605.2,11071,6734473.55,22-MAR-2018,640,INE131B01039,
RELCAPITAL,EQ,428.15,432.95,407.5,411.15,408.0,427.85,5383455,2262999741.9,22-MAR-2018,58141,INE013A01015,
RELCNX100,EQ,107.39,107.39,107.29,107.29,107.29,107.1,931,99889.99,22-MAR-2018,2,INF204K014N5,
RELCONS,EQ,49.74,49.74,48.97,48.97,48.97,49.68,630,31123.07,22-MAR-2018,15,INF204KA1LD7,
RELDIVOPP,EQ,28.0,28.0,27.97,27.97,27.97,28.36,901,25201.3,22-MAR-2018,3,INF204KA1MS3,
RELIANCE,EQ,896.0,911.95,895.75,908.15,908.9,896.9,10116965,9183446074.1,22-MAR-2018,135445,INE002A01018,
RELIGARE,EQ,56.25,56.55,54.4,54.65,54.85,55.7,924745,51044764.45,22-MAR-2018,2310,INE621H01010,
RELINFRA,EQ,450.0,454.15,428.85,430.4,430.0,449.55,3083612,1358383852.35,22-MAR-2018,36810,INE036A01016,
RELNV20,EQ,475.25,475.25,475.25,475.25,475.25,478.35,2,950.5,22-MAR-2018,1,INF204KA17D8,
REMSONSIND,EQ,74.7,78.35,70.95,74.35,74.7,74.65,7060,520680.35,22-MAR-2018,216,INE474C01015,
RENUKA,EQ,15.4,15.45,15.25,15.35,15.35,15.4,2652598,40662241.95,22-MAR-2018,4794,INE087H01022,
REPCOHOME,EQ,555.3,561.7,544.85,552.25,551.7,558.0,569871,314256522.75,22-MAR-2018,26500,INE612J01015,
REPRO,EQ,639.05,648.25,626.5,629.3,628.0,638.75,7619,4826336.3,22-MAR-2018,596,INE461B01014,
RESPONIND,EQ,38.65,42.5,38.25,41.7,41.95,37.65,269444,10969890.95,22-MAR-2018,1418,INE688D01026,
REVATHI,EQ,560.0,561.85,554.85,555.0,555.0,561.85,612,342342.6,22-MAR-2018,35,INE617A01013,
RHFL,EQ,62.0,62.75,60.1,60.8,60.2,62.05,433063,26591106.05,22-MAR-2018,3365,INE217K01011,
RICOAUTO,EQ,79.9,80.25,77.6,78.05,77.6,79.45,239537,18870811.2,22-MAR-2018,3123,INE209B01025,
RIIL,EQ,450.95,453.0,436.85,439.7,439.0,447.45,250043,110723869.35,22-MAR-2018,7693,INE046A01015,
RJL,EQ,319.85,323.0,314.5,316.05,315.75,323.35,8044,2562300.8,22-MAR-2018,308,INE722H01016,
RKDL,EQ,13.3,14.0,13.25,13.8,13.85,13.7,5844,80440.15,22-MAR-2018,24,INE722J01012,
RKFORGE,EQ,745.35,757.45,704.0,713.3,710.0,754.6,21208,15407318.65,22-MAR-2018,1305,INE399G01015,
RMCL,EQ,26.55,26.85,25.75,26.2,26.4,26.5,270868,7074706.5,22-MAR-2018,404,INE172H01014,
RML,EQ,871.3,895.0,871.0,874.3,882.0,891.25,7648,6729414.0,22-MAR-2018,770,INE050H01012,
RNAM,EQ,254.0,259.4,250.1,253.45,254.0,253.85,544365,137855070.4,22-MAR-2018,8545,INE298J01013,
RNAVAL,EQ,32.55,32.8,29.9,30.35,30.1,32.35,7976834,246744030.05,22-MAR-2018,18721,INE542F01012,
ROHITFERRO,EQ,3.0,3.0,2.8,2.85,2.9,2.9,48560,142037.95,22-MAR-2018,69,INE248H01012,
ROHLTD,EQ,176.95,178.0,168.3,171.3,169.0,176.95,12837,2222661.8,22-MAR-2018,280,INE283H01019,
ROLLT,EQ,5.05,5.25,5.05,5.05,5.05,5.3,17467,88223.35,22-MAR-2018,34,INE927A01040,
ROLTA,EQ,61.4,61.65,59.5,59.9,59.85,61.0,549071,33046138.45,22-MAR-2018,5721,INE293A01013,
ROSSELLIND,EQ,98.15,99.75,94.55,95.15,94.8,98.4,16179,1565853.6,22-MAR-2018,157,INE847C01020,
RPGLIFE,EQ,418.95,420.0,401.1,403.15,402.0,416.05,21768,8915827.0,22-MAR-2018,848,INE105J01010,
RPOWER,EQ,39.45,39.75,38.05,38.2,38.35,39.45,5410739,209713121.95,22-MAR-2018,9990,INE614G01033,
RPPINFRA,EQ,251.05,251.05,243.2,247.25,246.0,254.1,189190,46803459.1,22-MAR-2018,3283,INE324L01013,
RSSOFTWARE,EQ,59.0,59.0,55.3,55.95,56.2,58.05,179904,10399932.2,22-MAR-2018,505,INE165B01029,
RSWM,EQ,352.5,355.9,345.35,346.75,349.0,355.1,12388,4312372.6,22-MAR-2018,420,INE611A01016,
RSYSTEMS,EQ,35.2,35.5,34.75,35.35,35.1,35.45,15929,559814.45,22-MAR-2018,117,INE411H01032,
RTNINFRA,EQ,5.7,6.1,5.65,5.65,5.65,5.9,440670,2577157.25,22-MAR-2018,431,INE834M01019,
RTNPOWER,EQ,5.5,5.55,5.3,5.35,5.4,5.5,3002255,16300551.35,22-MAR-2018,1594,INE399K01017,
RUBYMILLS,EQ,303.85,317.95,296.6,300.9,298.5,300.25,9371,2848100.25,22-MAR-2018,318,INE301D01026,
RUCHINFRA,BE,3.75,3.9,3.75,3.75,3.75,3.9,2050,7695.0,22-MAR-2018,6,INE413B01023,
RUCHIRA,EQ,167.35,168.0,163.0,163.7,163.95,167.1,34655,5740723.25,22-MAR-2018,843,INE803H01014,
RUCHISOYA,EQ,18.2,18.2,17.55,17.7,17.65,18.05,1263969,22335653.15,22-MAR-2018,1133,INE619A01027,
RUPA,EQ,394.95,394.95,373.2,375.8,374.1,389.75,24139,9230227.0,22-MAR-2018,908,INE895B01021,
RUSHIL,EQ,812.55,825.0,800.0,801.8,800.0,805.5,14653,11864340.35,22-MAR-2018,909,INE573K01017,
SABEVENTS,BE,9.6,10.5,9.6,10.45,10.45,10.0,4074,41130.25,22-MAR-2018,17,INE860T01019,
SABTN,BE,16.0,16.9,15.7,15.75,16.0,16.5,46032,737020.15,22-MAR-2018,180,INE416A01036,
SADBHAV,EQ,378.0,383.0,378.0,380.75,381.0,377.4,22438,8538918.4,22-MAR-2018,783,INE226H01026,
SADBHIN,EQ,127.5,128.45,124.9,125.55,125.2,126.75,54901,6949985.7,22-MAR-2018,732,INE764L01010,
SAGCEM,EQ,886.05,895.0,875.0,880.05,881.0,889.65,2810,2490476.25,22-MAR-2018,323,INE229C01013,
SAIL,EQ,72.45,74.0,71.65,73.7,73.75,72.15,13462988,982491698.25,22-MAR-2018,32827,INE114A01011,
SAKHTISUG,EQ,17.45,18.0,16.85,17.55,17.45,17.5,59145,1030174.35,22-MAR-2018,354,INE623A01011,
SAKSOFT,EQ,233.1,236.5,230.0,231.65,231.1,233.65,7386,1730654.3,22-MAR-2018,207,INE667G01015,
SAKUMA,EQ,158.0,163.7,151.0,153.2,152.55,158.9,27904,4283579.65,22-MAR-2018,458,INE190H01016,
SALASAR,EQ,324.5,332.0,318.0,320.25,322.0,321.85,39318,12686361.55,22-MAR-2018,705,INE170V01019,
SALONA,EQ,101.9,101.95,95.15,96.0,96.0,98.0,1593,154536.1,22-MAR-2018,23,INE498E01010,
SALORAINTL,EQ,37.35,38.95,36.1,38.8,38.8,38.0,57515,2134177.35,22-MAR-2018,33,INE924A01013,
SALSTEEL,EQ,7.6,7.95,7.6,7.65,7.8,7.8,32761,254987.35,22-MAR-2018,95,INE658G01014,
SALZERELEC,EQ,202.15,203.45,195.0,196.15,196.3,202.4,71798,14108406.3,22-MAR-2018,1161,INE457F01013,
SAMBHAAV,EQ,9.45,9.5,9.1,9.15,9.15,9.25,41930,384628.6,22-MAR-2018,71,INE699B01027,
SANCO,EQ,36.8,36.8,33.45,33.65,33.8,35.55,52345,1821067.85,22-MAR-2018,199,INE782L01012,
SANDESH,EQ,1022.65,1022.65,975.4,1000.65,1005.5,1011.55,1679,1667761.6,22-MAR-2018,247,INE583B01015,
SANGAMIND,EQ,132.8,135.0,131.0,131.6,132.0,130.95,21503,2859378.5,22-MAR-2018,627,INE495C01010,
SANGHIIND,EQ,114.0,117.0,113.0,114.8,114.45,113.6,231105,26520872.8,22-MAR-2018,3477,INE999B01013,
SANGHVIFOR,EQ,31.2,31.2,27.2,27.55,27.5,29.35,13792,391664.75,22-MAR-2018,211,INE263L01013,
SANGHVIMOV,EQ,182.9,184.5,178.5,183.1,183.7,181.25,33722,6144001.8,22-MAR-2018,897,INE989A01024,
SANOFI,EQ,5075.05,5198.0,4999.95,5119.0,5030.05,5074.85,12013,61421631.6,22-MAR-2018,1614,INE058A01010,
SANWARIA,EQ,18.1,18.7,17.6,18.1,18.2,17.95,4952228,90680532.25,22-MAR-2018,6144,INE890C01046,
SARDAEN,EQ,461.0,461.0,437.25,441.1,438.0,457.45,67902,30378111.45,22-MAR-2018,3085,INE385C01013,
SAREGAMA,EQ,667.95,688.0,667.95,671.75,674.6,669.3,75669,51130381.55,22-MAR-2018,1979,INE979A01017,
SARLAPOLY,EQ,56.15,56.4,54.7,54.85,55.0,55.75,51209,2843498.65,22-MAR-2018,479,INE453D01025,
SASKEN,EQ,704.7,712.0,675.05,680.15,684.55,693.15,8620,5952912.9,22-MAR-2018,1014,INE231F01020,
SASTASUNDR,EQ,109.0,109.0,104.1,105.75,105.6,105.15,13535,1426282.45,22-MAR-2018,39,INE019J01013,
SATHAISPAT,EQ,19.55,20.0,19.3,19.5,19.3,19.7,109906,2149009.5,22-MAR-2018,143,INE176C01016,
SATIN,EQ,376.0,381.5,376.0,379.05,378.35,374.65,84021,31846396.35,22-MAR-2018,1139,INE836B01017,
SBILIFE,EQ,675.0,679.0,662.05,664.9,668.9,672.9,147381,98288530.15,22-MAR-2018,9678,INE123W01016,
SBIN,EQ,247.0,247.35,240.65,241.55,241.5,248.0,26828240,6531830043.1,22-MAR-2018,169794,INE062A01020,
SCAPDVR,BE,6.5,6.5,6.5,6.5,6.5,6.5,10055,65357.5,22-MAR-2018,8,INE224E01036,
SCHAEFFLER,EQ,5374.95,5374.95,5217.0,5294.5,5299.0,5289.55,1799,9509514.55,22-MAR-2018,193,INE513A01014,
SCHAND,EQ,399.95,406.0,396.5,398.2,399.6,399.5,28635,11475022.25,22-MAR-2018,684,INE807K01035,
SCHNEIDER,EQ,116.6,120.4,116.25,117.0,117.25,117.05,170502,20083229.4,22-MAR-2018,1582,INE839M01018,
SCI,EQ,68.2,69.7,67.05,67.8,67.9,67.45,1650921,113128339.15,22-MAR-2018,9655,INE109A01011,
SDBL,EQ,240.6,242.65,230.45,233.1,232.8,240.8,37684,8909262.35,22-MAR-2018,995,INE480C01012,
SEAMECLTD,EQ,185.4,191.45,184.0,189.8,186.4,186.0,30690,5800623.6,22-MAR-2018,140,INE497B01018,
SELAN,EQ,195.0,198.6,190.0,192.05,192.7,189.15,118955,23284222.55,22-MAR-2018,1918,INE818A01017,
SELMCL,EQ,2.1,2.1,2.05,2.1,2.1,2.1,139257,288189.0,22-MAR-2018,143,INE105I01012,
SENSEXIWIN,EQ,348.14,348.14,345.15,345.15,345.15,347.75,53,18301.72,22-MAR-2018,3,INF346A01034,
SEPOWER,EQ,7.7,7.9,7.35,7.5,7.35,7.7,3930,29723.15,22-MAR-2018,11,INE735M01018,
SEQUENT,EQ,83.4,83.7,80.4,80.8,81.4,82.85,55256,4512023.0,22-MAR-2018,515,INE807F01027,
SESHAPAPER,EQ,862.85,862.95,827.55,842.9,847.0,853.1,3309,2797298.45,22-MAR-2018,259,INE630A01016,
SETCO,EQ,53.0,53.4,51.0,51.45,51.1,53.05,294927,15382509.95,22-MAR-2018,1634,INE878E01021,
SETFGOLD,EQ,2765.0,2787.7,2765.0,2782.25,2781.3,2757.5,8136,22596735.2,22-MAR-2018,1182,INF200K01099,
SETFNIF50,EQ,102.2,102.58,101.5,101.65,101.64,102.2,1960,200012.61,22-MAR-2018,49,INF200KA1FS1,
SETFNIFBK,EQ,244.7,244.7,243.0,243.01,243.0,244.3,1689,411103.76,22-MAR-2018,47,INF200KA1580,
SETFNN50,EQ,288.35,288.45,286.95,286.95,286.95,288.55,225,64721.68,22-MAR-2018,18,INF200KA1598,
SFL,EQ,1504.65,1504.65,1462.0,1489.8,1492.4,1486.05,535,795480.15,22-MAR-2018,81,INE916U01025,
SGL,EQ,16.15,16.8,15.1,16.15,15.75,16.65,59719,939792.9,22-MAR-2018,195,INE353H01010,
SHAHALLOYS,EQ,42.5,42.9,42.15,42.15,42.15,44.35,100698,4250154.6,22-MAR-2018,277,INE640C01011,
SHAKTIPUMP,EQ,535.0,549.8,532.3,535.3,535.35,537.5,51938,28088627.3,22-MAR-2018,1884,INE908D01010,
SHALBY,EQ,207.2,209.0,201.0,202.55,202.35,206.6,207912,42492592.95,22-MAR-2018,3583,INE597J01018,
SHALPAINTS,EQ,149.55,150.0,144.15,145.55,147.0,148.25,21315,3144392.05,22-MAR-2018,410,INE849C01026,
SHANKARA,EQ,1724.0,1731.05,1706.0,1716.15,1721.0,1720.75,26245,45034499.95,22-MAR-2018,2753,INE274V01019,
SHANTIGEAR,EQ,132.0,133.0,129.25,129.45,129.25,132.2,15266,1988867.9,22-MAR-2018,192,INE631A01022,
SHARDACROP,EQ,382.0,382.5,377.05,380.25,380.5,377.0,7469,2838849.9,22-MAR-2018,422,INE221J01015,
SHARDAMOTR,EQ,1888.95,1888.95,1775.0,1808.85,1811.0,1860.95,4442,8142829.45,22-MAR-2018,625,INE597I01010,
SHARIABEES,EQ,252.9,252.9,252.0,252.0,252.0,250.54,2,504.9,22-MAR-2018,2,INF732E01128,
SHEMAROO,EQ,488.95,489.05,465.0,469.65,465.1,483.5,8853,4213254.8,22-MAR-2018,799,INE363M01019,
SHILPAMED,EQ,495.0,505.0,491.05,493.6,493.0,495.35,53048,26311681.9,22-MAR-2018,2012,INE790G01031,
SHILPI,EQ,8.1,8.35,7.8,7.9,7.95,8.15,179422,1449940.45,22-MAR-2018,525,INE510K01019,
SHIRPUR-G,EQ,138.0,139.85,130.15,132.5,130.25,138.75,5614,753446.2,22-MAR-2018,224,INE196B01016,
SHIVAMAUTO,EQ,73.05,73.3,70.0,70.25,71.1,73.05,84799,6040370.6,22-MAR-2018,895,INE637H01024,
SHIVAMILLS,EQ,51.0,51.0,48.0,49.1,49.0,50.8,3925,192029.4,22-MAR-2018,46,INE644Y01017,
SHIVATEX,EQ,485.0,485.0,455.75,470.0,470.0,468.3,2858,1343832.15,22-MAR-2018,69,INE705C01020,
SHK,EQ,247.5,254.4,247.5,251.7,251.1,247.75,71276,17930194.6,22-MAR-2018,3080,INE500L01026,
SHOPERSTOP,EQ,556.9,570.75,531.4,536.25,532.05,551.4,139158,76309504.85,22-MAR-2018,4465,INE498B01024,
SHREECEM,EQ,16061.0,16600.0,16061.0,16354.45,16320.0,16117.55,21361,350549035.85,22-MAR-2018,9239,INE070A01015,
SHREEPUSHK,EQ,215.5,221.3,209.5,212.75,211.9,216.95,105686,22726307.7,22-MAR-2018,4581,INE712K01011,
SHREERAMA,EQ,11.3,11.85,10.95,11.05,10.95,11.5,144117,1623934.2,22-MAR-2018,99,INE879A01019,
SHREYANIND,EQ,138.85,157.0,137.0,151.8,147.2,138.35,163589,24453593.15,22-MAR-2018,3199,INE231C01019,
SHREYAS,EQ,520.0,535.0,520.0,530.3,535.0,525.0,2032,1071346.65,22-MAR-2018,77,INE757B01015,
SHRIPISTON,BE,1568.0,1568.0,1493.75,1499.0,1514.95,1493.75,291,440813.5,22-MAR-2018,45,INE526E01018,
SHRIRAMCIT,EQ,2159.55,2159.55,2074.75,2091.0,2089.7,2117.3,9715,20336680.7,22-MAR-2018,1018,INE722A01011,
SHRIRAMEPC,EQ,26.35,26.85,25.65,25.75,25.7,26.5,170619,4446362.9,22-MAR-2018,722,INE964H01014,
SHYAMCENT,EQ,10.1,10.2,9.7,9.8,9.8,9.95,203574,2027789.65,22-MAR-2018,136,INE979R01011,
SHYAMTEL,EQ,19.65,19.65,19.65,19.65,19.65,17.9,12574,247079.1,22-MAR-2018,66,INE635A01023,
SICAGEN,EQ,37.0,37.2,36.15,36.6,37.0,36.75,20449,748169.5,22-MAR-2018,188,INE176J01011,
SICAL,EQ,220.3,222.15,217.45,218.85,219.0,221.4,53548,11759257.0,22-MAR-2018,251,INE075B01012,
SIEMENS,EQ,1105.0,1111.0,1082.55,1095.55,1095.7,1104.55,171888,188519725.95,22-MAR-2018,8685,INE003A01024,
SIGNET,EQ,7.35,7.35,7.1,7.15,7.1,7.2,186707,1346912.95,22-MAR-2018,162,INE529F01027,
SIL,BE,21.55,21.55,21.3,21.45,21.5,22.0,12455,267876.5,22-MAR-2018,15,INE173A01025,
SILINV,EQ,387.95,387.95,362.55,371.75,372.9,381.6,7970,2927486.35,22-MAR-2018,220,INE923A01015,
SIMBHALS,EQ,15.0,15.5,14.65,15.3,15.25,15.15,45087,674280.5,22-MAR-2018,205,INE748T01016,
SIMPLEX,EQ,25.3,26.3,24.3,24.35,24.3,25.3,6520,164185.95,22-MAR-2018,46,INE898F01018,
SIMPLEXINF,EQ,480.0,485.9,466.05,475.75,474.45,477.75,17397,8287157.8,22-MAR-2018,1584,INE059B01024,
SINTEX,EQ,19.8,19.8,18.8,18.95,18.95,19.8,4231053,81020367.95,22-MAR-2018,7921,INE429C01035,
SIS,EQ,1106.05,1110.95,1070.0,1074.3,1086.0,1100.05,4347,4685204.55,22-MAR-2018,610,INE285J01010,
SITASHREE,BE,3.15,3.35,3.1,3.1,3.1,3.25,9970,30918.55,22-MAR-2018,32,INE686I01011,
SITINET,EQ,15.65,16.1,15.35,15.7,15.7,15.6,99119,1554084.4,22-MAR-2018,560,INE965H01011,
SIYSIL,EQ,633.0,633.0,619.0,627.85,625.0,633.05,13534,8442918.95,22-MAR-2018,253,INE076B01028,
SJVN,EQ,33.7,34.0,33.2,33.35,33.4,33.6,550816,18472430.7,22-MAR-2018,1283,INE002L01015,
SKFINDIA,EQ,1723.4,1723.45,1694.1,1702.35,1694.1,1715.95,2312,3937523.05,22-MAR-2018,235,INE640A01023,
SKIL,BE,31.0,31.8,29.3,30.3,30.6,30.8,39239,1166388.15,22-MAR-2018,144,INE429F01012,
SKIPPER,EQ,229.2,231.65,225.55,228.2,226.0,228.95,60093,13695016.0,22-MAR-2018,1558,INE439E01022,
SKMEGGPROD,EQ,90.25,91.65,85.1,85.85,85.2,90.05,74016,6513815.75,22-MAR-2018,1149,INE411D01015,
SMARTLINK,EQ,88.0,88.85,84.35,85.0,85.25,88.5,48131,4121520.2,22-MAR-2018,494,INE178C01020,
SMLISUZU,EQ,763.0,767.0,745.1,749.2,750.0,759.9,24394,18439494.55,22-MAR-2018,1852,INE294B01019,
SMPL,EQ,1.1,1.1,1.05,1.05,1.05,1.1,103193,110405.8,22-MAR-2018,47,INE215G01021,
SMSLIFE,EQ,390.25,398.75,390.2,390.25,390.25,389.05,226,88216.45,22-MAR-2018,19,INE320X01016,
SMSPHARMA,EQ,76.25,77.45,75.3,76.05,75.45,75.85,48430,3701104.4,22-MAR-2018,379,INE812G01025,
SNOWMAN,EQ,47.25,47.65,46.2,46.55,46.35,47.4,429415,20087733.35,22-MAR-2018,1962,INE734N01019,
SOBHA,EQ,488.8,489.9,474.8,482.25,485.15,481.55,706080,340173099.75,22-MAR-2018,10449,INE671H01015,
SOLARINDS,EQ,1016.25,1018.9,1005.0,1007.9,1005.8,1016.35,2532,2561113.65,22-MAR-2018,420,INE343H01029,
SOMANYCERA,EQ,661.3,698.55,658.05,675.35,676.0,658.05,26583,17970498.45,22-MAR-2018,1857,INE355A01028,
SOMATEX,EQ,11.5,12.0,11.25,11.35,11.25,11.65,21026,242793.35,22-MAR-2018,47,INE314C01013,
SOMICONVEY,EQ,50.7,50.7,46.2,47.35,46.2,49.2,4885,236925.75,22-MAR-2018,78,INE323J01019,
SONASTEER,EQ,103.0,105.0,99.15,100.35,99.75,103.15,546553,56653224.6,22-MAR-2018,1290,INE643A01035,
SONATSOFTW,EQ,317.0,325.75,295.15,300.55,299.5,315.9,685298,215735152.8,22-MAR-2018,14350,INE269A01021,
SORILHOLD,EQ,214.8,218.15,209.0,212.05,214.0,215.2,41883,8889036.3,22-MAR-2018,680,INE126M01010,
SORILINFRA,EQ,211.0,213.45,200.0,201.55,200.4,208.25,102114,21055912.25,22-MAR-2018,1777,INE034H01016,
SOTL,EQ,1370.0,1448.8,1355.0,1425.55,1410.0,1388.35,4296,6011877.3,22-MAR-2018,786,INE035D01012,
SOUTHBANK,EQ,23.9,24.0,23.2,23.25,23.25,23.9,11745817,276110939.85,22-MAR-2018,13164,INE683A01023,
SPAL,EQ,336.3,338.35,324.6,327.15,325.0,339.35,48846,16196744.6,22-MAR-2018,3406,INE212I01016,
SPARC,EQ,395.0,399.05,386.75,390.3,392.0,389.7,219867,86209663.05,22-MAR-2018,8328,INE232I01014,
SPECIALITY,EQ,129.05,129.95,124.25,125.0,124.8,128.95,48822,6179980.7,22-MAR-2018,661,INE247M01014,
SPENTEX,BE,3.95,4.25,3.9,4.25,4.25,4.1,49657,194291.3,22-MAR-2018,49,INE376C01020,
SPHEREGSL,EQ,33.65,33.65,30.75,32.4,33.25,33.55,42416,1367375.6,22-MAR-2018,374,INE737B01033,
SPIC,EQ,35.1,35.55,34.0,34.15,34.15,34.95,186129,6445384.0,22-MAR-2018,577,INE147A01011,
SPICEMOBI,EQ,16.1,16.85,15.8,16.05,15.95,16.55,35731,579431.0,22-MAR-2018,157,INE927C01020,
SPLIL,EQ,23.55,24.0,21.4,22.8,23.0,23.55,14380,327392.3,22-MAR-2018,144,INE978G01016,
SPMLINFRA,EQ,100.0,102.0,94.0,95.1,94.1,100.35,19445,1920929.05,22-MAR-2018,253,INE937A01023,
SPTL,EQ,61.0,61.5,59.5,59.8,59.75,60.85,2594570,156917252.95,22-MAR-2018,11030,INE501W01021,
SPYL,BE,0.45,0.45,0.4,0.45,0.45,0.45,294082,118890.0,22-MAR-2018,53,INE268L01020,
SQSBFSI,EQ,491.75,493.95,484.0,486.8,486.3,491.6,5274,2572215.85,22-MAR-2018,179,INE201K01015,
SREEL,EQ,231.0,234.65,228.0,230.05,229.0,230.55,5084,1174201.65,22-MAR-2018,162,INE099F01013,
SREINFRA,EQ,80.05,80.5,75.7,76.3,76.5,80.5,1455179,112437863.05,22-MAR-2018,7154,INE872A01014,
SRF,EQ,1959.8,1960.0,1925.1,1942.1,1935.05,1946.7,200100,388468458.0,22-MAR-2018,7869,INE647A01010,
SRHHYPOLTD,EQ,154.85,155.85,149.0,150.0,150.0,152.6,4598,698107.95,22-MAR-2018,136,INE917H01012,
SRIPIPES,EQ,327.05,327.05,314.0,315.65,314.0,321.05,98694,31363559.3,22-MAR-2018,1524,INE943C01027,
SRSLTD,EQ,1.05,1.05,0.95,1.0,1.0,1.0,829845,820799.8,22-MAR-2018,526,INE219H01039,
SRTRANSFIN,EQ,1392.35,1409.7,1383.05,1401.1,1405.0,1396.95,529677,740568915.05,22-MAR-2018,29825,INE721A01013,
SSWL,EQ,1062.0,1082.0,1025.0,1041.75,1029.05,1076.65,13073,13824336.05,22-MAR-2018,750,INE802C01017,
STAMPEDE,BE,10.05,10.1,9.55,9.55,9.55,10.05,425233,4079338.6,22-MAR-2018,206,INE224E01028,
STAR,EQ,700.0,702.7,682.1,684.05,686.15,696.15,379754,261987460.5,22-MAR-2018,9370,INE939A01011,
STARCEMENT,EQ,116.4,116.95,110.1,114.6,115.5,115.1,128072,14503895.3,22-MAR-2018,1099,INE460H01021,
STARPAPER,EQ,212.25,218.0,207.0,209.85,207.7,213.4,85898,18229924.05,22-MAR-2018,2188,INE733A01018,
STCINDIA,EQ,145.05,146.45,141.0,141.75,141.8,146.45,41767,5990914.85,22-MAR-2018,929,INE655A01013,
STEELXIND,EQ,26.2,26.5,25.4,26.0,25.95,26.15,189904,4929851.75,22-MAR-2018,348,INE503B01013,
STEL,EQ,95.0,96.0,92.5,92.8,93.15,96.0,10631,997873.7,22-MAR-2018,133,INE577L01016,
STERTOOLS,EQ,377.15,378.05,360.2,361.95,361.0,373.2,10416,3824034.25,22-MAR-2018,426,INE334A01023,
STINDIA,EQ,12.75,12.95,12.75,12.95,12.95,13.4,291,3711.45,22-MAR-2018,6,INE090C01019,
STRTECH,EQ,326.95,329.35,318.5,319.9,320.0,323.75,848448,274886660.3,22-MAR-2018,33214,INE089C01029,
SUBEX,EQ,8.15,8.2,8.0,8.0,8.05,8.15,2316642,18749932.05,22-MAR-2018,1152,INE754A01014,
SUBROS,EQ,300.4,304.9,288.9,291.75,291.4,300.55,33967,10048726.7,22-MAR-2018,1140,INE287B01021,
SUDARSCHEM,EQ,410.35,422.0,409.7,420.05,420.0,409.45,39557,16488057.45,22-MAR-2018,832,INE659A01023,
SUJANAUNI,BE,0.8,0.8,0.7,0.8,0.8,0.75,165958,125329.9,22-MAR-2018,42,INE216G01011,
SUMEETINDS,EQ,23.55,24.1,20.9,21.0,21.0,23.4,8729271,196031562.4,22-MAR-2018,11465,INE235C01010,
SUMMITSEC,EQ,736.0,740.0,715.05,721.65,723.75,739.75,1867,1361832.85,22-MAR-2018,161,INE519C01017,
SUNCLAYLTD,EQ,4800.0,5005.35,4800.0,4888.7,4810.0,4859.6,2039,9942981.5,22-MAR-2018,748,INE105A01035,
SUNDARAM,EQ,3.25,3.25,3.05,3.05,3.1,3.2,546347,1707596.7,22-MAR-2018,969,INE108E01023,
SUNDARMFIN,EQ,1600.05,1615.0,1600.0,1604.55,1605.95,1601.15,10724,17237101.7,22-MAR-2018,1378,INE660A01013,
SUNDRMBRAK,EQ,535.0,538.95,505.55,511.75,518.0,534.25,4072,2120650.0,22-MAR-2018,360,INE073D01013,
SUNDRMFAST,EQ,566.45,588.0,563.15,576.35,570.35,563.1,397564,230763575.85,22-MAR-2018,11202,INE387A01021,
SUNFLAG,EQ,83.0,84.5,78.2,79.35,78.95,82.95,476693,38795296.45,22-MAR-2018,3177,INE947A01014,
SUNILHITEC,EQ,10.85,10.85,9.1,9.6,9.55,10.45,6908377,67202944.25,22-MAR-2018,8526,INE305H01028,
SUNPHARMA,EQ,520.0,521.0,505.1,508.4,508.8,504.5,8691889,4439551844.4,22-MAR-2018,114923,INE044A01036,
SUNTECK,EQ,411.1,417.5,406.15,414.7,413.0,406.3,203496,83897801.3,22-MAR-2018,5291,INE805D01034,
SUNTV,EQ,880.0,881.5,845.0,848.25,846.0,872.85,1767625,1511758868.85,22-MAR-2018,58361,INE424H01027,
SUPERHOUSE,EQ,142.95,142.95,136.0,136.5,137.45,139.9,6314,873821.05,22-MAR-2018,250,INE712B01010,
SUPERSPIN,EQ,12.1,12.15,11.25,11.25,11.25,11.8,85296,971513.35,22-MAR-2018,124,INE662A01027,
SUPPETRO,EQ,324.8,324.8,318.75,321.7,321.0,318.75,30611,9853910.95,22-MAR-2018,2578,INE663A01017,
SUPRAJIT,EQ,279.9,279.9,272.05,272.65,272.5,276.1,15549,4250107.0,22-MAR-2018,803,INE399C01030,
SUPREMEIND,EQ,1190.3,1191.15,1168.0,1179.8,1180.0,1183.2,23666,27850114.05,22-MAR-2018,1894,INE195A01028,
SUPREMEINF,EQ,61.0,61.5,59.0,59.3,59.15,61.7,22316,1345263.3,22-MAR-2018,324,INE550H01011,
SUPREMETEX,BE,1.7,1.7,1.7,1.7,1.7,1.75,8011,13618.7,22-MAR-2018,13,INE651G01027,
SURANAIND,BE,2.3,2.3,2.3,2.3,2.3,2.4,2200,5060.0,22-MAR-2018,4,INE659D01019,
SURANASOL,EQ,13.35,13.95,13.35,13.4,13.45,13.65,24201,330557.35,22-MAR-2018,90,INE272L01022,
SURANAT&P,EQ,4.85,5.05,4.75,4.75,4.75,5.0,31622,151621.85,22-MAR-2018,89,INE130B01031,
SURYALAXMI,EQ,69.6,69.85,66.2,67.5,67.25,69.05,29027,1958282.15,22-MAR-2018,162,INE713B01026,
SURYAROSNI,EQ,400.0,407.9,388.35,391.7,392.5,396.25,171421,68309942.65,22-MAR-2018,5099,INE335A01012,
SUTLEJTEX,EQ,75.45,77.05,73.45,73.85,74.45,76.0,40445,3005268.6,22-MAR-2018,343,INE645H01027,
SUVEN,EQ,172.1,175.3,170.0,170.5,170.8,169.75,340527,58677651.05,22-MAR-2018,7218,INE495B01038,
SUZLON,EQ,11.3,11.4,11.15,11.2,11.2,11.3,17341561,195611586.0,22-MAR-2018,8999,INE040H01021,
SWANENERGY,EQ,181.9,186.35,180.25,180.55,181.8,181.05,274389,50253607.05,22-MAR-2018,3772,INE665A01038,
SWARAJENG,EQ,1955.0,1995.9,1945.0,1957.25,1945.0,1976.3,5932,11637294.0,22-MAR-2018,829,INE277A01016,
SWELECTES,EQ,376.15,379.9,357.75,361.75,363.0,370.65,11554,4201814.05,22-MAR-2018,474,INE409B01013,
SYMPHONY,EQ,1765.0,1765.0,1711.05,1724.8,1717.95,1736.95,11453,19882138.05,22-MAR-2018,2163,INE225D01027,
SYNCOM,EQ,5.1,5.1,4.25,4.95,4.9,4.9,102553,497495.6,22-MAR-2018,158,INE602K01014,
SYNDIBANK,EQ,59.2,59.9,57.9,58.15,57.95,59.55,3991431,234278396.0,22-MAR-2018,10053,INE667A01018,
SYNGENE,EQ,570.0,570.0,553.0,560.0,560.25,565.4,85721,48067404.7,22-MAR-2018,2808,INE398R01022,
TAINWALCHM,EQ,89.05,92.85,85.0,88.4,86.7,88.45,16551,1486521.8,22-MAR-2018,337,INE123C01018,
TAJGVK,EQ,161.0,161.9,158.2,160.0,159.25,160.55,38221,6112786.2,22-MAR-2018,1065,INE586B01026,
TAKE,EQ,157.0,160.25,154.1,155.8,155.6,157.4,199622,31497342.55,22-MAR-2018,5287,INE142I01023,
TALBROAUTO,EQ,275.45,278.0,266.0,266.9,266.95,273.55,22196,5985104.4,22-MAR-2018,577,INE187D01011,
TALWALKARS,EQ,251.1,255.2,249.55,250.55,252.0,251.15,74727,18888774.85,22-MAR-2018,967,INE502K01016,
TANLA,EQ,33.45,33.7,32.8,33.0,32.9,33.1,376169,12441666.65,22-MAR-2018,977,INE483C01032,
TANTIACONS,BE,12.95,13.25,12.95,13.0,13.0,13.6,3441,44759.5,22-MAR-2018,26,INE388G01018,
TARAJEWELS,EQ,12.95,13.0,12.35,12.5,12.45,12.4,51183,641001.3,22-MAR-2018,223,INE799L01016,
TARAPUR,EQ,5.6,5.6,5.25,5.3,5.3,5.5,2177,11792.0,22-MAR-2018,17,INE747K01017,
TARMAT,EQ,43.0,43.5,42.0,42.5,42.9,43.15,18906,806970.7,22-MAR-2018,255,INE924H01018,
TASTYBITE,EQ,7438.25,7572.35,7300.0,7393.9,7423.85,7573.2,584,4298997.35,22-MAR-2018,211,INE488B01017,
TATACHEM,EQ,669.1,673.8,662.95,666.05,667.0,669.1,364267,242629640.05,22-MAR-2018,6348,INE092A01019,
TATACOFFEE,EQ,118.1,119.0,116.2,116.9,116.95,118.0,422795,49635446.85,22-MAR-2018,6548,INE493A01027,
TATACOMM,EQ,633.0,640.05,625.05,627.8,626.0,638.3,142533,89793180.95,22-MAR-2018,3972,INE151A01013,
TATAELXSI,EQ,994.35,1004.0,988.05,992.25,988.05,993.95,273022,271479516.7,22-MAR-2018,12786,INE670A01012,
TATAGLOBAL,EQ,264.65,264.65,257.6,258.85,259.1,263.2,1681596,436946470.35,22-MAR-2018,25744,INE192A01025,
TATAINVEST,EQ,740.0,745.6,727.25,733.55,733.55,733.2,35071,25663461.8,22-MAR-2018,875,INE672A01018,
TATAMETALI,EQ,740.0,745.0,722.0,728.1,726.3,740.05,143645,105122525.25,22-MAR-2018,1549,INE056C01010,
TATAMOTORS,EQ,338.5,340.25,334.8,338.2,338.1,333.85,9255091,3128260791.7,22-MAR-2018,60124,INE155A01022,
TATAMTRDVR,EQ,190.0,191.1,188.85,190.55,190.65,188.45,2502530,476197131.65,22-MAR-2018,19293,IN9155A01020,
TATAPOWER,EQ,79.9,80.35,79.75,80.0,80.05,79.95,3112967,249102366.5,22-MAR-2018,9507,INE245A01021,
TATASPONGE,EQ,970.0,974.8,950.0,951.75,950.0,970.7,45689,43739770.1,22-MAR-2018,2440,INE674A01014,
TATASTEEL,EQ,582.7,587.45,572.0,580.9,579.25,582.25,11486245,6649640783.5,22-MAR-2018,146377,INE081A01012,
TBZ,EQ,89.1,92.8,87.15,88.35,88.0,90.15,195134,17434483.4,22-MAR-2018,2126,INE760L01018,
TCI,EQ,265.0,267.95,261.0,265.05,265.2,264.95,93713,24834774.5,22-MAR-2018,2781,INE688A01022,
TCIDEVELOP,BE,470.0,470.0,464.0,464.25,464.25,481.5,399,186672.5,22-MAR-2018,4,INE662L01016,
TCIEXP,EQ,466.0,466.0,451.45,451.8,451.5,458.05,9068,4122664.95,22-MAR-2018,281,INE586V01016,
TCIFINANCE,EQ,25.75,25.75,24.25,24.35,24.4,25.45,50161,1243211.2,22-MAR-2018,395,INE911B01018,
TCPLPACK,EQ,624.45,624.45,600.0,603.4,600.0,612.1,2030,1227903.75,22-MAR-2018,113,INE822C01015,
TCS,EQ,2859.95,2875.95,2822.55,2831.35,2824.0,2856.75,1163047,3307211011.7,22-MAR-2018,72687,INE467B01029,
TDPOWERSYS,EQ,200.35,207.4,200.35,205.85,206.2,204.0,8664,1777123.3,22-MAR-2018,314,INE419M01019,
TEAMLEASE,EQ,2200.0,2200.0,2071.0,2083.15,2090.0,2171.45,6021,12828691.35,22-MAR-2018,1017,INE985S01024,
TECHIN,BE,8.45,9.0,8.45,8.5,8.5,8.8,2377,20766.5,22-MAR-2018,39,INE778A01021,
TECHM,EQ,627.0,631.0,616.5,619.05,621.0,625.85,1785067,1111994332.25,22-MAR-2018,70012,INE669C01036,
TECHNO,EQ,372.6,377.55,360.9,375.1,375.0,377.7,22970,8533585.6,22-MAR-2018,1163,INE286K01024,
TECHNOFAB,EQ,219.5,219.5,211.2,212.5,211.2,219.35,1517,326550.7,22-MAR-2018,52,INE509K01011,
TEJASNET,EQ,364.0,373.45,358.45,364.8,360.0,366.75,105097,38380754.4,22-MAR-2018,1775,INE010J01012,
TERASOFT,EQ,42.35,43.7,42.0,42.35,42.0,42.65,16039,683509.05,22-MAR-2018,157,INE482B01010,
TEXINFRA,EQ,60.6,60.85,59.0,59.6,60.0,60.0,1107120,66067515.55,22-MAR-2018,1601,INE435C01024,
TEXMOPIPES,EQ,20.75,20.75,19.3,19.35,19.3,20.05,30623,605150.65,22-MAR-2018,182,INE141K01013,
TEXRAIL,EQ,85.9,86.2,82.2,82.85,82.4,85.8,448610,37781621.3,22-MAR-2018,3797,INE621L01012,
TFCILTD,EQ,154.8,156.0,152.95,153.4,153.3,154.8,196889,30355810.05,22-MAR-2018,4752,INE305A01015,
TFL,EQ,8.65,9.05,8.55,8.95,8.65,9.0,1880,16225.75,22-MAR-2018,15,INE804H01012,
TGBHOTELS,EQ,37.0,38.2,34.5,35.1,35.0,37.5,55638,1998560.1,22-MAR-2018,524,INE797H01018,
THANGAMAYL,EQ,500.0,512.0,495.8,500.3,509.0,511.85,5674,2849993.35,22-MAR-2018,307,INE085J01014,
THEMISMED,EQ,575.05,575.05,555.0,562.15,555.0,575.0,972,545589.05,22-MAR-2018,117,INE083B01016,
THERMAX,EQ,1165.9,1170.0,1142.0,1162.8,1164.95,1153.95,33120,38355026.95,22-MAR-2018,2035,INE152A01029,
THIRUSUGAR,EQ,33.55,34.3,33.15,33.45,33.75,33.85,12569,421498.15,22-MAR-2018,100,INE409A01015,
THOMASCOOK,EQ,272.3,273.35,262.55,268.4,267.0,270.55,376983,100437107.15,22-MAR-2018,7519,INE332A01027,
THYROCARE,EQ,605.0,605.0,588.0,590.9,590.5,592.2,12173,7228833.25,22-MAR-2018,1008,INE594H01019,
TI,EQ,19.3,20.0,19.2,19.5,19.35,19.05,384772,7621583.7,22-MAR-2018,829,INE133E01013,
TIDEWATER,EQ,6195.0,6225.0,6061.0,6100.9,6100.0,6155.35,1384,8462721.65,22-MAR-2018,434,INE484C01022,
TIFIN,EQ,680.1,680.1,660.0,665.15,665.0,662.0,11652,7767782.8,22-MAR-2018,556,INE149A01033,
TIIL,EQ,519.0,519.0,502.0,512.85,510.15,518.9,5043,2570254.15,22-MAR-2018,486,INE545H01011,
TIINDIA,EQ,244.0,246.2,240.0,241.45,240.0,244.95,27663,6750114.5,22-MAR-2018,353,INE974X01010,
TIJARIA,BE,8.1,8.8,8.1,8.45,8.45,8.5,3096,25806.4,22-MAR-2018,17,INE440L01017,
TIL,EQ,437.0,444.75,432.0,439.15,439.95,442.2,4767,2090451.0,22-MAR-2018,465,INE806C01018,
TIMESGTY,EQ,45.5,45.5,43.25,44.4,44.9,45.5,4364,194258.7,22-MAR-2018,20,INE289C01025,
TIMETECHNO,EQ,168.0,168.45,159.1,160.7,160.0,165.15,263803,43036418.3,22-MAR-2018,5162,INE508G01029,
TIMKEN,EQ,722.5,729.9,704.6,713.05,715.0,724.0,9573,6842594.25,22-MAR-2018,893,INE325A01013,
TINPLATE,EQ,205.5,206.35,197.1,197.65,197.45,204.3,847772,170216435.1,22-MAR-2018,14333,INE422C01014,
TIPSINDLTD,EQ,98.0,101.55,98.0,100.9,101.4,98.4,1931,193018.4,22-MAR-2018,38,INE716B01011,
TIRUMALCHM,EQ,1849.0,1852.25,1782.0,1785.65,1788.0,1838.35,42818,77100368.6,22-MAR-2018,3680,INE338A01016,
TITAN,EQ,873.0,892.0,872.25,887.55,888.6,872.25,3186401,2818165928.45,22-MAR-2018,89718,INE280A01028,
TMRVL,EQ,117.5,117.5,112.2,113.6,114.0,116.0,51568,5960851.1,22-MAR-2018,403,INE759V01019,
TNPETRO,EQ,51.6,52.0,49.5,49.7,49.9,51.4,143336,7217327.75,22-MAR-2018,1837,INE148A01019,
TNPL,EQ,356.05,359.9,338.15,341.95,341.55,355.0,67107,23259764.8,22-MAR-2018,3085,INE107A01015,
TNTELE,BE,2.85,2.95,2.85,2.95,2.95,2.85,2242,6508.6,22-MAR-2018,8,INE141D01018,
TOKYOPLAST,EQ,98.55,100.0,92.65,94.65,92.65,97.55,13281,1278316.2,22-MAR-2018,232,INE932C01012,
TORNTPHARM,EQ,1241.2,1255.0,1221.2,1247.8,1255.0,1238.7,302298,373798721.8,22-MAR-2018,14405,INE685A01028,
TORNTPOWER,EQ,237.3,238.45,230.1,231.5,230.2,237.05,763575,178392732.3,22-MAR-2018,14727,INE813H01021,
TPLPLASTEH,EQ,419.7,497.55,406.0,490.7,497.55,414.65,367250,171606048.6,22-MAR-2018,6535,INE413G01014,
TREEHOUSE,EQ,10.25,10.25,9.7,9.75,9.75,9.8,34878,348856.15,22-MAR-2018,151,INE040M01013,
TRENT,EQ,342.0,343.0,334.6,339.8,339.0,341.65,118004,40014427.15,22-MAR-2018,1888,INE849A01020,
TRF,EQ,221.3,221.3,221.3,221.3,221.3,210.8,22999,5089678.7,22-MAR-2018,204,INE391D01019,
TRIDENT,EQ,65.0,66.4,62.55,63.15,63.2,66.4,708779,45554642.75,22-MAR-2018,5715,INE064C01014,
TRIGYN,EQ,137.05,139.95,132.65,134.55,134.8,136.65,51566,7001382.35,22-MAR-2018,810,INE948A01012,
TRIL,EQ,28.2,29.0,27.4,27.7,27.65,27.8,96962,2696743.05,22-MAR-2018,417,INE763I01026,
TRITURBINE,EQ,106.9,107.5,103.5,104.0,103.95,107.2,26597,2806946.65,22-MAR-2018,613,INE152M01016,
TRIVENI,EQ,46.85,47.25,44.05,44.8,44.35,46.85,416625,19039524.45,22-MAR-2018,2737,INE256C01024,
TTKHLTCARE,EQ,1103.2,1129.7,1087.0,1096.35,1087.0,1110.65,4706,5195273.3,22-MAR-2018,601,INE910C01018,
TTKPRESTIG,EQ,6299.95,6349.95,6205.15,6245.95,6223.9,6287.65,2044,12847827.15,22-MAR-2018,980,INE690A01010,
TTL,EQ,86.25,86.25,82.0,82.3,82.5,85.3,38838,3245259.4,22-MAR-2018,477,INE592B01016,
TTML,EQ,6.0,6.15,5.8,5.9,5.9,6.0,696545,4113891.45,22-MAR-2018,779,INE517B01013,
TULSI,BE,2.0,2.0,2.0,2.0,2.0,1.95,4273,8546.0,22-MAR-2018,2,INE474I01012,
TV18BRDCST,EQ,65.55,65.55,64.15,64.6,64.65,65.1,5074846,329066527.6,22-MAR-2018,11883,INE886H01027,
TVSELECT,EQ,367.05,377.0,355.0,358.65,358.95,365.9,67878,24759279.7,22-MAR-2018,1817,INE236G01019,
TVSMOTOR,EQ,616.0,624.65,602.05,606.0,605.9,615.6,696831,423990820.25,22-MAR-2018,18342,INE494B01023,
TVSSRICHAK,EQ,3206.75,3206.75,3081.3,3120.05,3085.0,3167.25,5608,17669909.0,22-MAR-2018,1689,INE421C01016,
TVTODAY,EQ,529.1,534.8,512.2,524.2,522.0,542.35,1227347,642179869.2,22-MAR-2018,26747,INE038F01029,
TVVISION,EQ,14.85,15.3,14.4,14.65,15.3,14.9,50633,742884.35,22-MAR-2018,166,INE871L01013,
TWL,EQ,113.8,114.75,110.2,110.6,110.8,113.95,740325,82817445.55,22-MAR-2018,7049,INE615H01020,
UBL,EQ,956.6,975.0,941.0,963.85,963.0,959.25,1142639,1090839166.2,22-MAR-2018,18130,INE686F01025,
UCALFUEL,EQ,251.5,256.65,250.0,250.75,250.25,253.25,38176,9609952.0,22-MAR-2018,875,INE139B01016,
UCOBANK,EQ,23.0,23.15,22.45,22.6,22.6,23.1,531217,12102723.7,22-MAR-2018,2198,INE691A01018,
UFLEX,EQ,345.0,347.75,332.5,334.55,335.0,344.3,126606,42807134.05,22-MAR-2018,8942,INE516A01017,
UFO,EQ,391.0,391.0,378.0,380.3,378.0,388.35,16710,6400225.65,22-MAR-2018,568,INE527H01019,
UGARSUGAR,EQ,16.6,16.8,16.0,16.1,16.0,16.6,239974,3919988.9,22-MAR-2018,443,INE071E01023,
UJAAS,EQ,16.7,16.75,16.1,16.15,16.15,16.45,409739,6677057.9,22-MAR-2018,1127,INE899L01022,
UJJIVAN,EQ,350.0,351.5,344.6,345.8,345.85,347.25,903319,313524902.1,22-MAR-2018,11806,INE334L01012,
ULTRACEMCO,EQ,3999.0,4012.0,3912.6,3925.15,3925.2,3999.2,180643,713417563.45,22-MAR-2018,27119,INE481G01011,
UMANGDAIRY,EQ,85.45,85.45,80.35,81.35,80.9,84.35,34102,2795016.4,22-MAR-2018,486,INE864B01027,
UMESLTD,EQ,1.15,1.15,1.15,1.15,1.15,1.2,333,382.95,22-MAR-2018,2,INE240C01028,
UNICHEMLAB,EQ,340.3,340.3,332.55,334.3,334.7,340.1,47209,15852661.65,22-MAR-2018,1808,INE351A01035,
UNIENTER,EQ,84.0,87.25,84.0,86.15,86.0,84.0,30150,2616829.7,22-MAR-2018,1960,INE037A01022,
UNIONBANK,EQ,96.05,96.05,94.1,94.7,94.4,95.85,4768283,453302082.2,22-MAR-2018,18244,INE692A01016,
UNIPLY,EQ,384.7,387.0,370.0,371.65,370.0,378.1,37022,13904562.75,22-MAR-2018,571,INE950G01015,
UNITECH,EQ,6.1,6.1,5.95,5.95,6.0,6.05,10949175,65676046.45,22-MAR-2018,4871,INE694A01020,
UNITEDBNK,EQ,13.5,13.8,13.0,13.05,13.1,13.65,1559437,20575634.7,22-MAR-2018,2449,INE695A01019,
UNITEDTEA,EQ,376.85,376.85,350.0,353.5,353.5,359.35,1462,528587.4,22-MAR-2018,49,INE458F01011,
UNITY,EQ,4.65,4.9,4.65,4.7,4.7,4.8,15106,71378.4,22-MAR-2018,38,INE466H01028,
UNIVCABLES,EQ,127.75,128.8,122.3,124.2,122.5,127.55,31987,4039792.65,22-MAR-2018,563,INE279A01012,
UPL,EQ,715.1,727.65,714.65,716.9,718.0,714.9,1437816,1037089601.9,22-MAR-2018,33612,INE628A01036,
URJA,BE,5.05,5.25,5.0,5.1,5.1,5.25,1547082,7856682.5,22-MAR-2018,2252,INE550C01020,
USHAMART,EQ,19.5,19.5,18.5,18.65,18.55,18.4,1531611,28789022.55,22-MAR-2018,1655,INE228A01035,
USHERAGRO,EQ,4.5,4.7,4.4,4.5,4.4,4.55,54802,248567.8,22-MAR-2018,71,INE235G01011,
UTINEXT50,EQ,288.85,288.85,285.5,288.48,288.5,285.93,796,229109.2,22-MAR-2018,38,INF789FC1N82,
UTINIFTETF,EQ,1055.95,1060.9,1049.0,1050.1,1050.1,1055.05,434,458094.8,22-MAR-2018,22,INF789FB1X41,
UTISENSETF,EQ,346.35,346.35,342.15,342.15,342.15,344.0,23,7891.11,22-MAR-2018,5,INF789FB1X58,
UTTAMSTL,BE,13.85,14.4,13.8,14.0,13.9,14.2,185112,2608684.4,22-MAR-2018,2907,INE699A01011,
UTTAMSUGAR,EQ,117.0,119.0,109.5,110.7,109.8,117.75,49268,5612404.15,22-MAR-2018,1329,INE786F01031,
UVSL,EQ,0.2,0.2,0.15,0.15,0.2,0.2,2979437,505093.15,22-MAR-2018,217,INE292A01023,
V2RETAIL,EQ,425.0,434.7,416.85,424.55,424.1,425.15,110219,46966431.3,22-MAR-2018,3331,INE945H01013,
VADILALIND,EQ,860.0,867.9,839.5,844.95,843.0,857.3,18681,15957758.05,22-MAR-2018,1282,INE694D01016,
VAIBHAVGBL,EQ,719.0,719.0,690.25,697.1,693.0,706.75,12828,9005544.1,22-MAR-2018,1073,INE884A01019,
VAKRANGEE,EQ,288.0,293.4,271.7,271.7,271.7,286.0,14384997,4053930384.65,22-MAR-2018,55221,INE051B01021,
VARDHACRLC,EQ,48.5,48.5,46.1,46.35,46.1,47.2,36828,1714540.15,22-MAR-2018,92,INE116G01013,
VARDMNPOLY,EQ,21.5,21.9,21.0,21.3,21.5,21.55,18645,397231.75,22-MAR-2018,112,INE835A01011,
VASCONEQ,EQ,35.45,36.05,33.9,34.5,34.8,35.45,716322,24842594.65,22-MAR-2018,2353,INE893I01013,
VASWANI,EQ,18.0,18.9,16.05,16.35,16.35,17.15,368168,6420081.45,22-MAR-2018,1251,INE590L01019,
VBL,EQ,618.9,626.0,607.0,610.15,609.9,615.95,15992,9840432.65,22-MAR-2018,806,INE200M01013,
VEDL,EQ,288.8,294.2,285.9,291.8,290.45,285.75,12008468,3485279543.65,22-MAR-2018,101393,INE205A01025,
VENKEYS,EQ,4098.0,4105.0,3951.0,3963.55,3968.0,4061.6,135319,541871661.1,22-MAR-2018,14688,INE398A01010,
VENUSREM,EQ,73.75,77.8,73.65,74.2,73.7,74.3,193534,14601541.35,22-MAR-2018,2878,INE411B01019,
VESUVIUS,EQ,1283.6,1293.95,1256.1,1267.5,1275.0,1276.8,5022,6380758.8,22-MAR-2018,648,INE386A01015,
VETO,EQ,196.6,196.6,190.1,190.55,190.3,192.75,44762,8583803.85,22-MAR-2018,624,INE918N01018,
VGUARD,EQ,223.95,224.75,220.1,221.5,221.05,223.95,566357,125815470.65,22-MAR-2018,5019,INE951I01027,
VHL,EQ,4110.0,4117.95,4001.0,4022.5,4037.95,4117.65,553,2229615.05,22-MAR-2018,177,INE701A01023,
VICEROY,EQ,15.0,15.4,14.7,14.75,14.8,14.95,116168,1748809.5,22-MAR-2018,621,INE048C01017,
VIDEOIND,EQ,13.3,13.5,12.9,13.05,13.1,13.55,2378606,31328193.4,22-MAR-2018,4156,INE703A01011,
VIDHIING,EQ,81.35,83.65,79.3,80.9,81.25,82.8,178113,14545483.95,22-MAR-2018,572,INE632C01026,
VIJAYABANK,EQ,54.45,54.5,52.6,53.2,53.05,53.95,559400,29833571.65,22-MAR-2018,2694,INE705A01016,
VIJIFIN,BE,5.4,5.4,5.4,5.4,5.4,5.65,42741,230801.4,22-MAR-2018,53,INE159N01027,
VIJSHAN,EQ,19.55,19.55,17.7,18.0,18.0,19.2,235284,4250281.8,22-MAR-2018,531,INE806F01011,
VIKASECO,EQ,32.3,32.3,30.5,30.75,30.75,31.55,1268933,39607632.5,22-MAR-2018,3431,INE806A01020,
VIMTALABS,BE,190.0,200.0,186.0,192.1,190.0,192.75,6589,1281362.3,22-MAR-2018,102,INE579C01029,
VINATIORGA,EQ,790.25,803.85,781.1,798.75,803.85,792.6,6703,5315924.75,22-MAR-2018,598,INE410B01029,
VINDHYATEL,EQ,1015.0,1019.95,995.0,998.1,995.0,1013.35,20696,20741675.7,22-MAR-2018,1203,INE707A01012,
VINYLINDIA,EQ,101.35,104.0,100.1,101.7,102.4,101.35,29699,3015798.35,22-MAR-2018,531,INE250B01029,
VIPCLOTHNG,EQ,59.0,59.0,56.8,57.25,56.95,58.35,192503,11075592.45,22-MAR-2018,654,INE450G01024,
VIPIND,EQ,316.95,317.7,302.2,308.95,310.4,314.75,314425,97009284.1,22-MAR-2018,9059,INE054A01027,
VIPULLTD,EQ,63.5,63.5,60.35,61.05,60.35,62.55,2877,177940.65,22-MAR-2018,131,INE946H01037,
VISAKAIND,EQ,670.0,680.35,651.55,667.6,664.25,673.55,22036,14723278.75,22-MAR-2018,937,INE392A01013,
VISASTEEL,EQ,16.45,16.5,15.5,15.65,16.0,16.0,10473,165133.4,22-MAR-2018,53,INE286H01012,
VISESHINFO,BE,0.15,0.2,0.1,0.15,0.2,0.15,8462357,1305241.65,22-MAR-2018,466,INE861A01058,
VISHNU,EQ,284.7,284.7,275.2,279.45,280.0,277.6,14681,4058379.5,22-MAR-2018,167,INE270I01014,
VIVIDHA,EQ,0.95,1.05,0.95,1.05,1.05,1.0,292324,301268.75,22-MAR-2018,105,INE370E01029,
VIVIMEDLAB,EQ,77.4,78.55,76.2,76.6,77.0,76.25,582296,44806457.9,22-MAR-2018,2615,INE526G01021,
VLSFINANCE,EQ,70.75,73.4,69.8,70.2,70.1,71.7,91779,6514024.6,22-MAR-2018,372,INE709A01018,
VMART,EQ,1890.0,1930.0,1865.7,1888.35,1894.0,1894.15,19119,36071169.6,22-MAR-2018,2431,INE665J01013,
VOLTAMP,EQ,1122.7,1135.0,1090.0,1094.15,1094.0,1119.7,8659,9539573.2,22-MAR-2018,698,INE540H01012,
VOLTAS,EQ,614.0,618.0,606.0,614.55,614.25,613.35,897519,549350919.75,22-MAR-2018,27269,INE226A01021,
VRLLOG,EQ,389.75,390.9,379.05,384.95,385.2,388.65,75351,28780816.0,22-MAR-2018,2717,INE366I01010,
VSSL,EQ,155.65,155.65,148.0,149.35,149.8,151.9,14292,2157628.05,22-MAR-2018,345,INE050M01012,
VSTIND,EQ,2916.3,2975.0,2907.5,2921.95,2947.55,2906.6,597,1754118.25,22-MAR-2018,148,INE710A01016,
VSTTILLERS,EQ,2623.5,2650.1,2623.25,2637.6,2640.0,2643.65,2282,6023146.5,22-MAR-2018,383,INE764D01017,
VTL,EQ,1249.8,1262.0,1237.0,1259.25,1253.0,1249.8,11510,14409243.25,22-MAR-2018,1502,INE825A01012,
WABAG,EQ,490.0,498.0,485.25,492.55,491.5,482.7,303610,148894432.25,22-MAR-2018,8324,INE956G01038,
WABCOINDIA,EQ,7499.0,7499.0,7307.0,7337.95,7313.4,7389.35,614,4540697.4,22-MAR-2018,279,INE342J01019,
WALCHANNAG,EQ,172.95,174.7,167.0,167.55,167.1,172.5,300022,50640660.1,22-MAR-2018,2744,INE711A01022,
WANBURY,BE,33.8,33.8,32.75,32.8,33.0,33.8,9438,312228.95,22-MAR-2018,55,INE107F01022,
WEBELSOLAR,EQ,94.25,95.5,88.25,89.3,90.0,92.65,288990,26535177.75,22-MAR-2018,2399,INE855C01015,
WEIZFOREX,EQ,1110.0,1150.95,1105.05,1114.7,1121.0,1116.5,4467,5030464.5,22-MAR-2018,426,INE726L01019,
WEIZMANIND,EQ,42.85,42.85,41.0,41.0,41.25,41.25,2586,106455.75,22-MAR-2018,20,INE080A01014,
WELCORP,EQ,140.45,142.85,129.55,130.85,130.35,139.8,1072540,144862664.65,22-MAR-2018,11788,INE191B01025,
WELENT,EQ,147.5,149.8,143.1,143.75,144.4,147.8,277870,40620175.7,22-MAR-2018,2763,INE625G01013,
WELINV,EQ,149.0,149.5,149.0,149.5,149.5,152.6,7981,1189211.5,22-MAR-2018,7,INE389K01018,
WELSPUNIND,EQ,60.3,61.4,59.55,60.05,60.45,60.0,1083480,65238672.25,22-MAR-2018,11918,INE192B01031,
WENDT,EQ,2442.0,2500.0,2440.05,2487.9,2500.0,2476.45,323,800418.0,22-MAR-2018,75,INE274C01019,
WHEELS,EQ,2127.75,2148.6,2100.05,2125.25,2137.0,2138.7,476,1012201.0,22-MAR-2018,126,INE715A01015,
WHIRLPOOL,EQ,1540.0,1540.0,1494.3,1499.1,1500.1,1530.3,25584,38845583.95,22-MAR-2018,1457,INE716A01013,
WILLAMAGOR,BE,92.5,93.45,89.0,90.0,90.0,91.35,2221,200452.6,22-MAR-2018,21,INE210A01017,
WINDMACHIN,EQ,104.4,106.0,100.6,101.15,101.5,102.5,150064,15458584.6,22-MAR-2018,696,INE052A01021,
WIPL,BE,46.65,51.3,46.65,51.3,51.3,48.9,582,27731.5,22-MAR-2018,5,INE215F01023,
WIPRO,EQ,293.8,295.0,287.15,288.45,287.9,295.25,1888816,550327430.5,22-MAR-2018,30576,INE075A01022,
WOCKPHARMA,EQ,747.4,749.3,723.2,731.05,731.0,741.85,1102863,807589916.35,22-MAR-2018,23701,INE049B01025,
WONDERLA,EQ,343.95,346.8,340.0,342.55,340.3,341.0,30010,10248792.7,22-MAR-2018,1255,INE066O01014,
WSI,EQ,5.9,5.9,5.3,5.6,5.6,5.85,28988,160911.3,22-MAR-2018,81,INE100D01014,
WSTCSTPAPR,EQ,245.0,251.6,237.55,241.75,241.2,243.65,53775,13091723.7,22-MAR-2018,2902,INE976A01021,
XCHANGING,EQ,59.0,59.0,57.1,57.5,57.45,59.2,9530,549993.8,22-MAR-2018,77,INE692G01013,
XLENERGY,BE,2.4,2.4,2.3,2.3,2.3,2.4,1012,2377.6,22-MAR-2018,13,INE183H01011,
XPROINDIA,EQ,53.95,54.0,50.0,50.0,50.0,51.9,9106,469739.35,22-MAR-2018,60,INE445C01015,
YESBANK,EQ,301.8,303.7,295.75,298.25,297.4,300.75,19356591,5801194388.9,22-MAR-2018,141530,INE528G01027,
ZANDUREALT,EQ,1821.05,1821.05,1780.05,1798.3,1800.0,1823.85,663,1189362.5,22-MAR-2018,102,INE719A01017,
ZEEL,EQ,569.65,576.95,553.8,559.2,560.0,566.85,2725681,1538399469.65,22-MAR-2018,51242,INE256A01028,
ZEELEARN,EQ,36.8,37.25,36.55,36.95,37.1,36.7,175502,6481827.95,22-MAR-2018,843,INE565L01011,
ZEEMEDIA,EQ,40.7,40.7,39.55,39.65,39.6,40.3,367658,14702429.7,22-MAR-2018,1364,INE966H01019,
ZENITHBIR,BE,2.4,2.4,2.4,2.4,2.4,2.5,23635,56724.0,22-MAR-2018,29,INE318D01020,
ZENITHEXPO,EQ,48.7,48.7,45.55,45.55,45.55,47.75,723,33523.45,22-MAR-2018,17,INE058B01018,
ZENSARTECH,EQ,947.0,947.0,907.8,915.8,918.0,921.7,15762,14616447.85,22-MAR-2018,1865,INE520A01019,
ZENTEC,EQ,119.4,120.0,115.7,116.65,116.1,118.55,108744,12792498.4,22-MAR-2018,1356,INE251B01027,
ZICOM,EQ,17.85,18.1,16.5,16.85,16.9,17.8,144372,2496740.25,22-MAR-2018,693,INE871B01014,
ZODIACLOTH,EQ,162.0,167.85,159.55,161.3,161.0,163.65,6064,983764.3,22-MAR-2018,253,INE206B01013,
ZODJRDMKJ,EQ,41.95,42.8,37.65,38.3,38.35,39.95,2079,83554.75,22-MAR-2018,31,INE077B01018,
ZUARI,EQ,492.05,495.35,490.0,490.1,490.0,491.0,20941,10276563.65,22-MAR-2018,461,INE840M01016,
ZUARIGLOB,EQ,185.3,188.0,181.5,182.9,182.9,183.55,69760,12889799.6,22-MAR-2018,1480,INE217A01012,
ZYDUSWELL,EQ,1176.0,1198.0,1167.05,1170.8,1170.9,1184.0,2215,2611620.55,22-MAR-2018,282,INE768C01010,
ZYLOG,BE,3.2,3.2,3.1,3.1,3.1,3.25,37045,115312.2,22-MAR-2018,56,INE225I01026,
