SYMBOL,SERIES,OPEN,HIGH,LOW,CLOSE,LAST,PREVCLOSE,TOTTRDQTY,TOTTRDVAL,TIMESTAMP,TOTALTRADES,ISIN,UNNAMED: 13
20MICRONS,EQ,30.5,31.1,30.2,30.4,30.45,30.55,44298,1346054.2,09-APR-2013,323,INE144J01027,
3IINFOTECH,EQ,5.8,6.05,5.7,5.75,5.7,5.8,483961,2843890.25,09-APR-2013,1105,INE748C01020,
3MINDIA,EQ,3499.9,3499.95,3380.0,3417.9,3401.0,3450.45,201,687726.95,09-APR-2013,95,INE470A01017,
A2ZMES,EQ,22.15,22.25,20.15,20.15,20.15,21.2,344338,7173636.1,09-APR-2013,1837,INE619I01012,
AANJANEYA,EQ,93.45,93.45,93.45,93.45,93.45,98.35,2136,199609.2,09-APR-2013,46,INE928K01013,
AARTIDRUGS,EQ,162.8,162.8,157.0,159.75,159.5,158.2,3190,510066.25,09-APR-2013,133,INE767A01016,
AARTIIND,EQ,80.0,81.6,80.0,80.45,80.6,80.55,5154,415985.75,09-APR-2013,114,INE769A01020,
AARVEEDEN,EQ,34.0,35.5,34.0,35.0,35.0,35.9,4237,148743.3,09-APR-2013,27,INE273D01019,
ABAN,EQ,267.6,273.45,263.35,264.45,265.0,267.15,174383,46906028.0,09-APR-2013,5230,INE421A01028,
ABB,EQ,488.0,495.0,475.5,479.15,479.0,486.9,27906,13523313.8,09-APR-2013,2289,INE117A01022,
ABBOTINDIA,EQ,1384.0,1384.0,1362.45,1365.25,1367.0,1364.85,527,722250.15,09-APR-2013,77,INE358A01014,
ABCIL,EQ,79.0,80.95,78.5,78.5,78.5,80.0,749,59280.2,09-APR-2013,28,INE605B01016,
ABGSHIP,EQ,325.25,327.0,311.2,321.05,322.25,324.5,86170,27768807.15,09-APR-2013,1933,INE067H01016,
ABIRLANUVO,EQ,949.45,955.5,938.1,941.5,944.0,941.45,123559,117161004.35,09-APR-2013,6216,INE069A01017,
ACC,EQ,1131.5,1161.45,1127.05,1130.8,1131.0,1126.9,223511,255828547.7,09-APR-2013,10995,INE012A01025,
ACCELYA,EQ,345.0,363.85,341.25,347.2,350.0,358.55,5942,2081282.5,09-APR-2013,167,INE793A01012,
ACE,EQ,13.65,13.65,12.8,12.85,12.85,13.35,238537,3150992.4,09-APR-2013,1005,INE731H01025,
ACROPETAL,EQ,6.1,6.5,6.0,6.15,6.2,6.2,31246,194601.0,09-APR-2013,157,INE055L01013,
ADANIENT,EQ,212.0,217.9,207.6,209.2,208.75,210.2,1423703,303675600.75,09-APR-2013,20359,INE423A01024,
ADANIPORTS,EQ,144.85,147.65,144.1,145.3,145.5,144.05,511288,74620754.45,09-APR-2013,9330,INE742F01042,
ADANIPOWER,EQ,47.2,49.25,46.55,46.85,46.8,46.55,6400309,307790036.7,09-APR-2013,26345,INE814H01011,
ADFFOODS,EQ,51.65,51.65,49.6,50.1,49.6,50.0,5091,256606.5,09-APR-2013,69,INE982B01019,
ADHUNIK,EQ,30.6,31.25,29.5,29.7,29.55,30.85,65975,2008711.6,09-APR-2013,627,INE400H01019,
ADORWELD,EQ,113.0,117.95,112.3,114.65,114.1,112.4,5205,598944.5,09-APR-2013,123,INE045A01017,
ADSL,EQ,12.55,13.0,12.5,12.85,12.75,12.6,16282,207339.8,09-APR-2013,117,INE102I01027,
ADVANTA,EQ,950.05,972.95,930.2,939.2,942.0,949.35,2477,2342991.6,09-APR-2013,314,INE517H01010,
AEGISCHEM,EQ,126.0,127.75,121.3,124.2,124.25,124.5,6213,778950.95,09-APR-2013,512,INE208C01017,
AFL,EQ,32.0,33.9,29.15,30.15,30.5,30.45,54392,1732367.4,09-APR-2013,1363,INE020G01017,
AFTEK,EQ,5.6,5.65,5.4,5.4,5.45,5.4,74837,411128.6,09-APR-2013,186,INE796A01023,
AGCNET,EQ,110.1,112.85,107.0,108.4,107.0,110.9,488,53755.1,09-APR-2013,55,INE676A01019,
AGRODUTCH,EQ,2.7,3.2,2.65,2.7,2.7,2.7,8438,23780.05,09-APR-2013,41,INE135B01014,
AHLUCONT,EQ,33.05,34.65,32.1,33.0,33.3,33.9,14761,490851.05,09-APR-2013,329,INE758C01029,
AHLWEST,EQ,97.15,107.7,97.1,104.35,101.05,100.0,631,63726.0,09-APR-2013,94,INE915K01010,
AHMEDFORGE,EQ,101.25,102.0,100.0,100.55,100.0,101.05,1716,172952.8,09-APR-2013,79,INE425A01011,
AIAENG,EQ,310.8,312.0,308.0,310.0,312.0,309.25,247,76511.9,09-APR-2013,19,INE212H01026,
AIL,EQ,322.2,323.4,311.1,312.65,314.0,319.7,4094,1297227.7,09-APR-2013,322,INE878A01011,
AJANTPHARM,EQ,769.95,782.0,715.2,724.35,725.4,763.1,153373,115608302.65,09-APR-2013,8219,INE031B01031,
AJMERA,EQ,95.2,96.5,93.25,95.15,96.5,95.5,3448,326966.85,09-APR-2013,113,INE298G01027,
AKSHOPTFBR,EQ,17.45,17.9,17.45,17.75,17.55,17.55,21311,377726.3,09-APR-2013,115,INE523B01011,
AKZOINDIA,EQ,995.0,1029.0,995.0,1000.15,1005.0,1001.05,6529,6559531.35,09-APR-2013,338,INE133A01011,
ALBK,EQ,126.0,127.8,123.3,124.0,124.0,125.5,2356951,295499481.85,09-APR-2013,26348,INE428A01015,
ALCHEM,EQ,49.9,50.0,47.5,47.85,47.5,49.45,1439,69391.55,09-APR-2013,111,INE964B01033,
ALEMBICLTD,EQ,16.85,17.05,16.4,16.5,16.4,17.05,30591,509477.1,09-APR-2013,146,INE426A01027,
ALKALI,EQ,20.25,20.75,19.35,20.35,20.5,19.05,10491,211014.0,09-APR-2013,327,INE773I01017,
ALKYLAMINE,EQ,150.0,150.0,144.0,146.2,146.2,146.55,154,22520.5,09-APR-2013,5,INE150B01013,
ALLCARGO,EQ,113.1,119.8,113.0,113.95,113.0,116.8,2560,293706.1,09-APR-2013,334,INE418H01029,
ALOKTEXT,EQ,9.15,9.4,8.75,9.0,9.2,9.0,2779062,25286942.65,09-APR-2013,8074,INE270A01011,
ALPHAGEO,EQ,39.95,39.95,36.35,38.35,38.45,38.7,4994,190880.15,09-APR-2013,107,INE137C01018,
ALPSINDUS,EQ,1.6,1.6,1.35,1.4,1.45,1.45,2049,2854.2,09-APR-2013,10,INE093B01015,
ALSTOMT&D,EQ,150.3,153.25,146.5,148.25,146.9,151.6,4125,617584.65,09-APR-2013,274,INE200A01026,
AMAR,EQ,15.45,16.35,15.45,15.95,16.1,15.6,58213,940279.4,09-APR-2013,450,INE787G01011,
AMARAJABAT,EQ,260.0,262.8,248.6,251.95,252.2,260.6,148270,38427117.15,09-APR-2013,7145,INE885A01032,
AMBIKCO,EQ,200.0,202.0,191.05,193.6,191.05,193.0,1171,233790.75,09-APR-2013,38,INE540G01014,
AMBUJACEM,EQ,169.5,174.2,167.65,168.95,169.85,168.35,2110063,361503912.8,09-APR-2013,25092,INE079A01024,
AMDIND,EQ,10.5,10.5,10.5,10.5,10.5,11.8,123,1291.5,09-APR-2013,1,INE005I01014,
AMRUTANJAN,EQ,123.95,126.9,123.95,124.05,124.0,124.05,13100,1632647.15,09-APR-2013,331,INE098F01023,
AMTEKAUTO,EQ,60.6,62.2,60.6,60.95,61.1,60.85,95747,5862175.65,09-APR-2013,1263,INE130C01021,
AMTEKINDIA,EQ,66.85,68.0,65.75,66.35,66.35,66.7,17613,1178956.25,09-APR-2013,648,INE068D01021,
ANANTRAJ,EQ,59.35,60.9,57.2,57.9,58.05,58.45,604668,35761591.75,09-APR-2013,5770,INE242C01024,
ANDHRABANK,EQ,93.25,94.45,90.5,91.2,91.3,92.9,1126541,104254394.5,09-APR-2013,9637,INE434A01013,
ANDHRACEMT,EQ,7.5,7.6,7.45,7.45,7.45,7.6,6050,45345.0,09-APR-2013,23,INE666E01012,
ANDHRSUGAR,EQ,134.6,135.95,131.6,132.75,132.0,134.6,9391,1254045.4,09-APR-2013,246,INE715B01013,
ANIKINDS,EQ,18.4,20.5,17.1,17.35,17.25,18.25,45728,811240.45,09-APR-2013,109,INE087B01017,
ANKITMETAL,EQ,13.2,13.2,13.2,13.2,13.2,13.0,250,3300.0,09-APR-2013,3,INE106I01010,
ANKURDRUGS,EQ,7.8,8.35,7.7,7.7,7.75,8.0,5129,40257.0,09-APR-2013,27,INE238D01012,
ANSALAPI,EQ,23.45,23.65,22.8,22.95,23.0,23.1,49287,1148925.75,09-APR-2013,352,INE436A01026,
ANSALHSG,EQ,55.95,57.5,55.5,56.0,56.0,55.8,7252,409565.1,09-APR-2013,194,INE880B01015,
ANTGRAPHIC,EQ,0.25,0.25,0.25,0.25,0.25,0.25,3477,869.25,09-APR-2013,49,INE414B01021,
APARINDS,EQ,113.05,114.65,112.2,112.65,112.25,113.55,5787,656183.55,09-APR-2013,394,INE372A01015,
APCOTEXIND,EQ,209.95,209.95,207.2,207.3,207.6,207.35,278,57739.25,09-APR-2013,35,INE116A01016,
APLAPOLLO,EQ,168.95,169.0,162.0,163.95,164.0,168.95,500,82710.95,09-APR-2013,24,INE702C01019,
APLLTD,EQ,114.0,116.7,109.0,109.7,110.35,114.1,76805,8579129.7,09-APR-2013,970,INE901L01018,
APOLLOHOSP,EQ,830.45,835.0,816.0,821.35,822.55,828.75,61512,50662487.8,09-APR-2013,7198,INE437A01024,
APOLLOTYRE,EQ,82.55,84.25,82.55,83.0,82.7,83.15,1097983,91380213.4,09-APR-2013,7288,INE438A01022,
APPAPER,EQ,195.5,195.9,189.5,190.55,190.6,191.4,6439,1237575.0,09-APR-2013,261,INE435A01028,
APTECHT,EQ,44.25,47.0,43.1,43.65,43.25,44.75,313459,14213881.1,09-APR-2013,2753,INE266F01018,
AQUA,EQ,2.9,3.0,2.85,2.85,2.85,3.0,41750,119192.65,09-APR-2013,97,INE544K01026,
ARCHIDPLY,EQ,7.0,7.4,7.0,7.4,7.4,7.05,1681,12050.15,09-APR-2013,12,INE877I01016,
ARCHIES,EQ,17.5,17.5,16.25,16.45,16.75,16.4,27540,461072.75,09-APR-2013,250,INE731A01020,
ARIES,EQ,47.0,50.2,46.4,46.75,46.4,47.6,7027,336940.85,09-APR-2013,162,INE298I01015,
ARSHIYA,EQ,16.2,16.2,16.2,16.2,16.2,15.45,51104,827884.8,09-APR-2013,106,INE968D01022,
ARSSINFRA,EQ,31.1,32.5,30.1,30.4,30.25,30.8,86086,2674618.15,09-APR-2013,1842,INE267I01010,
ARVIND,EQ,80.1,81.85,78.1,78.95,78.95,79.7,1421954,114284165.5,09-APR-2013,8093,INE034A01011,
ARVINDREM,EQ,34.0,34.95,33.65,34.6,34.1,34.45,99405,3413103.55,09-APR-2013,239,INE211C01037,
ASAHIINDIA,EQ,48.05,48.8,47.75,47.8,47.75,48.05,2152,103707.35,09-APR-2013,41,INE439A01020,
ASAHISONG,EQ,60.1,62.5,51.05,58.1,57.1,61.8,16366,917851.55,09-APR-2013,1103,INE228I01012,
ASAL,EQ,35.65,36.7,34.25,34.4,34.25,37.2,2411,84547.4,09-APR-2013,41,INE900C01027,
ASHAPURMIN,EQ,31.25,32.95,30.15,30.95,30.25,31.4,31659,1017412.65,09-APR-2013,449,INE348A01023,
ASHCONIUL,BE,0.35,0.35,0.35,0.35,0.35,0.35,1982,693.7,09-APR-2013,3,INE714F01033,
ASHIANA,EQ,256.5,256.5,246.2,250.6,250.6,249.35,1240,311867.7,09-APR-2013,24,INE365D01013,
ASHOKA,EQ,195.0,195.0,186.6,187.55,187.5,192.0,121,22760.0,09-APR-2013,11,INE442H01011,
ASHOKLEY,EQ,22.1,22.3,21.7,21.8,21.9,22.05,1243796,27387719.65,09-APR-2013,5271,INE208A01029,
ASIANHOTNR,EQ,147.0,149.4,145.0,148.0,148.0,148.7,1545,227150.35,09-APR-2013,40,INE363A01022,
ASIANPAINT,EQ,4638.0,4667.55,4511.6,4531.6,4552.0,4622.45,93571,428412288.85,09-APR-2013,14617,INE021A01018,
ASIANTILES,EQ,42.45,42.45,39.2,39.7,39.2,39.5,767,30587.55,09-APR-2013,17,INE022I01019,
ASSAMCO,EQ,5.85,6.05,5.5,5.7,5.65,5.7,313644,1794530.15,09-APR-2013,498,INE442A01024,
ASTEC,EQ,18.55,19.5,18.55,19.5,19.5,18.5,1200,22771.25,09-APR-2013,14,INE563J01010,
ASTRAL,EQ,366.4,379.25,366.3,378.15,378.0,370.05,12734,4751394.85,09-APR-2013,209,INE006I01020,
ASTRAMICRO,EQ,42.45,42.45,39.5,39.75,39.5,40.05,10436,417966.05,09-APR-2013,118,INE386C01029,
ASTRAZEN,EQ,665.05,685.0,655.1,659.25,657.1,667.85,23235,15612886.45,09-APR-2013,2234,INE203A01020,
ATFL,EQ,492.0,501.95,492.0,496.85,497.0,492.05,5257,2609208.0,09-APR-2013,154,INE209A01019,
ATLANTA,BE,48.05,49.4,46.0,46.8,48.7,48.0,3330,159672.8,09-APR-2013,31,INE285H01022,
ATLASCYCLE,EQ,251.5,254.5,246.3,247.35,248.0,249.55,8802,2202629.1,09-APR-2013,508,INE446A01017,
ATUL,EQ,313.8,313.8,295.65,299.05,300.0,305.25,8928,2704216.2,09-APR-2013,258,INE100A01010,
AURIONPRO,EQ,71.0,71.0,67.1,71.0,71.0,69.95,11,777.1,09-APR-2013,3,INE132H01018,
AUROPHARMA,EQ,161.15,163.3,156.9,158.45,158.3,159.7,1712361,274135973.6,09-APR-2013,16225,INE406A01037,
AUSTRAL,EQ,0.8,0.8,0.75,0.75,0.8,0.8,123042,93146.55,09-APR-2013,77,INE455J01027,
AUTOAXLES,EQ,303.95,304.95,293.65,299.75,295.1,300.05,242,73348.15,09-APR-2013,36,INE449A01011,
AUTOIND,EQ,75.15,76.9,71.55,72.5,72.15,74.0,49581,3667972.35,09-APR-2013,1248,INE718H01014,
AVANTI,EQ,109.6,109.6,103.0,104.0,105.0,104.3,737,76634.3,09-APR-2013,46,INE871C01012,
AVTNPL,EQ,27.5,27.5,26.55,26.8,26.55,26.85,9698,261940.35,09-APR-2013,159,INE488D01021,
AXIS-IT&T,EQ,42.8,44.45,41.1,41.35,41.15,42.5,2572,109103.3,09-APR-2013,246,INE555B01013,
AXISBANK,EQ,1210.35,1239.8,1198.8,1203.2,1201.8,1203.2,1498099,1825609642.15,09-APR-2013,59680,INE238A01026,
AXISGOLD,EQ,2870.0,2870.0,2837.5,2843.2,2849.0,2869.15,539,1531120.4,09-APR-2013,64,INF846K01347,
BAFNAPHARM,EQ,37.0,37.2,36.05,36.9,36.75,36.85,11168,413770.5,09-APR-2013,33,INE878I01014,
BAGFILMS,EQ,3.45,4.0,3.45,3.65,3.65,3.65,38497,140601.25,09-APR-2013,128,INE116D01028,
BAJAJ-AUTO,EQ,1712.4,1721.0,1685.0,1703.45,1705.8,1705.45,412277,701822454.95,09-APR-2013,21648,INE917I01010,
BAJAJCORP,EQ,237.0,237.0,227.5,230.45,228.55,235.55,9985,2329051.55,09-APR-2013,374,INE933K01021,
BAJAJELEC,EQ,170.0,170.5,165.0,165.2,165.1,169.9,71375,12026641.45,09-APR-2013,1018,INE193E01025,
BAJAJFINSV,EQ,756.05,763.8,754.65,754.95,755.0,756.05,23932,18113142.2,09-APR-2013,883,INE918I01018,
BAJAJHIND,EQ,21.25,21.4,20.1,20.15,20.2,21.1,2021084,41769869.7,09-APR-2013,8766,INE306A01021,
BAJAJHLDNG,EQ,919.9,922.0,905.3,911.55,918.5,918.6,8549,7828806.3,09-APR-2013,2000,INE118A01012,
BAJFINANCE,EQ,1173.05,1187.15,1125.0,1136.95,1130.0,1172.6,9737,11313579.25,09-APR-2013,865,INE296A01016,
BALAJITELE,EQ,43.65,44.0,42.85,43.75,44.0,43.65,26597,1163434.7,09-APR-2013,148,INE794B01026,
BALAMINES,EQ,38.4,39.7,36.0,37.1,36.25,39.8,20205,776622.95,09-APR-2013,121,INE050E01027,
BALKRISIND,EQ,272.05,273.25,263.0,266.4,264.0,270.5,32573,8847739.35,09-APR-2013,478,INE787D01026,
BALLARPUR,EQ,17.35,17.7,17.35,17.45,17.45,17.4,41444,723204.35,09-APR-2013,324,INE294A01037,
BALMLAWRIE,EQ,627.95,629.35,620.5,623.65,625.0,626.0,2527,1582223.65,09-APR-2013,250,INE164A01016,
BALPHARMA,EQ,16.2,16.2,16.2,16.2,16.2,15.1,100,1620.0,09-APR-2013,1,INE083D01012,
BALRAMCHIN,EQ,49.0,49.75,48.1,48.3,48.3,49.2,686473,33616387.95,09-APR-2013,3184,INE119A01028,
BANCOINDIA,EQ,39.85,39.85,38.15,38.35,38.7,38.2,5653,218016.65,09-APR-2013,40,INE213C01025,
BANKBARODA,EQ,647.0,659.85,633.2,637.05,635.0,643.4,1134229,732833622.2,09-APR-2013,31639,INE028A01013,
BANKBEES,EQ,1109.95,1120.0,1090.05,1092.97,1096.1,1108.63,1867,2060995.3,09-APR-2013,167,INF732E01078,
BANKINDIA,EQ,302.0,305.85,294.3,295.65,295.6,300.05,694805,208937968.85,09-APR-2013,13319,INE084A01016,
BARTRONICS,EQ,11.05,11.25,10.75,10.8,10.75,10.9,28528,314446.15,09-APR-2013,212,INE855F01034,
BASF,EQ,575.0,588.7,561.1,576.4,578.95,573.55,4339,2486444.1,09-APR-2013,512,INE373A01013,
BASML,EQ,108.0,108.0,108.0,108.0,108.0,108.0,120,12960.0,09-APR-2013,2,INE186H01014,
BATAINDIA,EQ,726.0,729.9,715.0,719.65,720.0,717.3,84618,61081471.6,09-APR-2013,2852,INE176A01010,
BAYERCROP,EQ,1131.4,1139.8,1093.0,1099.35,1095.0,1131.9,3855,4264044.55,09-APR-2013,541,INE462A01022,
BBL,EQ,426.95,434.9,423.0,423.75,424.0,424.8,436,186638.35,09-APR-2013,91,INE464A01028,
BBTC,EQ,114.0,116.3,110.1,111.3,111.5,113.75,5508,623763.25,09-APR-2013,256,INE050A01025,
BEDMUTHA,EQ,10.8,10.8,10.25,10.4,10.4,10.3,9212,95558.45,09-APR-2013,27,INE844K01012,
BEL,EQ,1185.0,1210.0,1170.0,1186.65,1183.95,1185.65,1976,2342012.2,09-APR-2013,224,INE263A01016,
BEML,EQ,163.75,166.5,156.0,156.95,157.5,163.65,147655,23887056.55,09-APR-2013,4521,INE258A01016,
BEPL,EQ,15.0,15.0,15.0,15.0,15.0,15.0,1000,15000.0,09-APR-2013,4,INE922A01025,
BERGEPAINT,EQ,196.25,198.15,195.0,195.85,195.05,196.05,87536,17177721.6,09-APR-2013,1939,INE463A01020,
BFINVEST,EQ,41.5,43.7,41.4,43.0,43.0,42.5,4285,182251.35,09-APR-2013,28,INE878K01010,
BFUTILITIE,EQ,271.0,277.8,260.0,262.9,262.0,268.15,595722,161907637.3,09-APR-2013,17179,INE243D01012,
BGLOBAL,EQ,6.1,6.1,5.2,5.2,5.2,6.1,126,656.1,09-APR-2013,3,INE224M01013,
BGRENERGY,EQ,188.5,192.8,184.9,186.15,185.65,189.0,55321,10465966.6,09-APR-2013,1792,INE661I01014,
BHAGWATIHO,EQ,47.85,47.85,45.3,46.15,46.45,45.7,3325,154235.55,09-APR-2013,264,INE797H01018,
BHAGYNAGAR,EQ,13.55,13.55,13.5,13.5,13.5,13.45,1500,20285.05,09-APR-2013,7,INE458B01028,
BHARATFORG,EQ,213.8,217.9,208.15,210.15,210.55,211.6,160571,34231753.55,09-APR-2013,4447,INE465A01025,
BHARATGEAR,EQ,38.6,38.65,38.0,38.05,38.5,39.15,2307,87768.65,09-APR-2013,80,INE561C01019,
BHARTIARTL,EQ,282.0,282.5,274.0,277.0,277.05,280.6,4390191,1215325325.05,09-APR-2013,54324,INE397D01024,
BHARTISHIP,EQ,37.65,39.75,37.65,38.45,39.0,39.15,29602,1150971.4,09-APR-2013,308,INE673G01013,
BHEL,EQ,183.25,185.3,178.2,178.75,178.5,182.5,3426106,621829870.75,09-APR-2013,39157,INE257A01026,
BHUSANSTL,EQ,460.0,460.8,451.95,453.6,453.5,454.0,111329,50539804.65,09-APR-2013,647,INE824B01021,
BIL,EQ,200.0,201.0,199.0,199.6,199.95,200.4,4725,943520.2,09-APR-2013,127,INE828A01016,
BILENERGY,EQ,7.4,7.4,6.75,6.8,6.75,7.1,47393,333778.35,09-APR-2013,67,INE607L01029,
BILPOWER,EQ,3.8,3.85,3.65,3.65,3.65,3.8,18222,67003.15,09-APR-2013,64,INE952D01018,
BINANIIND,EQ,96.6,98.2,94.6,94.9,95.0,94.75,23265,2240256.85,09-APR-2013,1020,INE071A01013,
BINDALAGRO,EQ,20.7,21.25,20.0,20.1,20.1,20.4,45115,932736.95,09-APR-2013,411,INE143A01010,
BIOCON,EQ,281.0,285.4,277.1,279.55,279.0,281.45,281079,79311686.5,09-APR-2013,7643,INE376G01013,
BIRLACORPN,EQ,252.3,256.85,249.0,250.5,250.0,252.1,1658,416541.05,09-APR-2013,67,INE340A01012,
BIRLACOT,BE,0.1,0.15,0.1,0.15,0.15,0.1,1538758,222033.85,09-APR-2013,59,INE655I01024,
BIRLAMONEY,EQ,19.45,19.45,19.45,19.45,19.45,18.55,4340,84413.0,09-APR-2013,31,INE865C01022,
BIRLAPOWER,EQ,0.2,0.25,0.15,0.2,0.25,0.2,7821553,1575335.95,09-APR-2013,830,INE224B01024,
BLISSGVS,EQ,31.0,31.5,30.1,30.5,30.2,30.85,10763,330963.55,09-APR-2013,151,INE416D01022,
BLKASHYAP,EQ,7.3,7.65,7.15,7.15,7.25,7.35,33866,248667.75,09-APR-2013,140,INE350H01032,
BLUECHIP,EQ,0.45,0.5,0.45,0.5,0.5,0.5,2790,1390.0,09-APR-2013,4,INE657B01025,
BLUEDART,EQ,2314.95,2327.8,2270.1,2278.4,2299.0,2322.5,1437,3304795.7,09-APR-2013,236,INE233B01017,
BLUESTARCO,EQ,160.0,162.65,159.95,160.0,160.0,161.35,26211,4200187.95,09-APR-2013,873,INE472A01039,
BLUESTINFO,EQ,56.15,58.8,56.15,58.75,58.8,56.6,297,16869.6,09-APR-2013,6,INE504B01011,
BOC,EQ,294.0,301.8,280.0,284.35,284.5,291.4,32855,9583394.25,09-APR-2013,1951,INE473A01011,
BOMDYEING,EQ,87.0,88.35,82.65,83.65,83.6,86.4,281418,24143269.55,09-APR-2013,4725,INE032A01023,
BOSCHLTD,EQ,8700.0,8759.45,8695.0,8702.2,8700.0,8707.5,12870,111980454.8,09-APR-2013,297,INE323A01026,
BPCL,EQ,382.5,385.35,371.25,372.45,372.05,380.45,813384,307325106.3,09-APR-2013,20929,INE029A01011,
BPL,EQ,15.8,16.1,15.65,15.7,15.65,16.0,14537,231368.35,09-APR-2013,217,INE110A01019,
BRANDHOUSE,EQ,3.0,3.0,3.0,3.0,3.0,3.15,26092,78276.0,09-APR-2013,48,INE317J01011,
BRFL,EQ,259.75,259.75,241.0,243.1,244.8,244.95,1082,263764.55,09-APR-2013,197,INE589G01011,
BRIGADE,EQ,64.25,65.5,62.1,62.65,62.1,62.75,26402,1682742.05,09-APR-2013,570,INE791I01019,
BRITANNIA,EQ,526.7,526.7,518.2,520.25,521.0,519.0,57822,30079398.55,09-APR-2013,1653,INE216A01022,
BROOKS,EQ,18.75,18.75,17.75,17.9,17.75,18.65,10474,189874.0,09-APR-2013,102,INE650L01011,
BSELINFRA,EQ,2.15,2.6,2.15,2.4,2.4,2.25,39529,97574.75,09-APR-2013,63,INE395A01016,
BSL,EQ,13.0,13.8,12.95,13.15,13.0,13.3,8051,105798.25,09-APR-2013,67,INE594B01012,
BSLGOLDETF,EQ,2887.9,2888.0,2845.1,2888.0,2888.0,2860.0,36,103376.8,09-APR-2013,10,INF209K01HT2,
BSLIMITED,EQ,338.25,348.4,331.1,337.1,333.1,341.85,6049,2045432.2,09-APR-2013,486,INE043K01011,
BSLNIFTY,EQ,57.8,57.8,54.81,55.71,54.81,57.79,301,16770.85,09-APR-2013,8,INF209K01IR4,
BURNPUR,EQ,6.5,6.7,6.4,6.5,6.7,6.9,3517,22890.05,09-APR-2013,36,INE817H01014,
BVCL,EQ,6.7,7.2,6.7,7.2,7.2,6.95,201,1347.2,09-APR-2013,2,INE139I01011,
CADILAHC,EQ,743.15,760.05,743.15,745.4,745.0,752.85,145173,108972829.35,09-APR-2013,1280,INE010B01019,
CAIRN,EQ,290.0,296.5,288.85,290.5,291.35,285.45,4712867,1382052379.45,09-APR-2013,82645,INE910H01017,
CANBK,EQ,393.4,395.85,373.65,376.5,377.7,389.2,1199716,464883030.15,09-APR-2013,33375,INE476A01014,
CANDC,EQ,32.0,32.45,30.5,31.7,31.0,32.85,1433,45597.9,09-APR-2013,98,INE874H01015,
CANFINHOME,EQ,141.0,141.0,136.35,138.1,138.0,137.2,4485,623367.2,09-APR-2013,186,INE477A01012,
CANTABIL,EQ,18.1,18.5,17.6,17.95,18.0,18.0,3509,63069.2,09-APR-2013,61,INE068L01016,
CAPF,EQ,145.0,149.0,143.2,148.0,148.9,146.4,6306,930691.45,09-APR-2013,306,INE688I01017,
CARBORUNIV,EQ,117.75,120.0,117.75,118.1,118.8,117.95,7865,932742.7,09-APR-2013,270,INE120A01034,
CAREERP,EQ,113.05,113.05,111.1,111.65,111.95,113.35,618,69192.05,09-APR-2013,32,INE521J01018,
CARERATING,EQ,767.0,782.15,765.0,765.8,765.0,767.0,5447,4208058.0,09-APR-2013,599,INE752H01013,
CASTROL,EQ,307.9,313.4,307.9,312.05,311.0,306.0,55780,17404693.1,09-APR-2013,1698,INE172A01019,
CCCL,EQ,12.7,12.75,11.8,12.3,12.6,12.3,13334,165444.1,09-APR-2013,86,INE429I01024,
CCL,EQ,275.0,275.0,261.2,264.5,263.0,269.55,6068,1627108.4,09-APR-2013,119,INE421D01014,
CEATLTD,EQ,89.7,90.75,87.1,87.7,87.55,89.95,37793,3368278.45,09-APR-2013,951,INE482A01020,
CEBBCO,EQ,29.65,30.4,28.75,29.15,29.45,29.25,97596,2899933.95,09-APR-2013,639,INE209L01016,
CELESTIAL,EQ,12.0,13.25,11.7,13.1,13.15,12.25,35856,455687.8,09-APR-2013,451,INE221I01017,
CENTENKA,EQ,103.0,103.4,98.5,99.55,99.45,103.3,5328,534615.35,09-APR-2013,226,INE485A01015,
CENTEXT,EQ,1.35,1.4,1.25,1.3,1.3,1.35,4532,6122.85,09-APR-2013,10,INE281A01026,
CENTRALBK,EQ,67.0,68.85,66.55,66.7,66.7,67.7,99864,6772156.85,09-APR-2013,1182,INE483A01010,
CENTUM,EQ,45.05,46.95,45.0,45.0,45.0,45.35,303,13638.9,09-APR-2013,7,INE320B01020,
CENTURYPLY,EQ,51.0,52.0,50.5,51.25,50.65,51.35,2857,147468.95,09-APR-2013,64,INE348B01021,
CENTURYTEX,EQ,282.4,287.0,272.05,274.75,272.45,279.65,507013,142301678.4,09-APR-2013,9721,INE055A01016,
CERA,EQ,442.45,442.45,431.0,439.05,437.0,438.7,4160,1822385.45,09-APR-2013,167,INE739E01017,
CESC,EQ,283.0,283.0,269.2,270.8,270.0,279.15,88432,24287290.7,09-APR-2013,5692,INE486A01013,
CHAMBLFERT,EQ,51.55,52.75,50.95,51.2,51.25,51.85,456568,23664478.4,09-APR-2013,3204,INE085A01013,
CHEMFALKAL,EQ,87.95,92.0,87.95,88.95,89.0,87.35,25993,2344683.05,09-APR-2013,505,INE479E01028,
CHENNPETRO,EQ,122.0,123.45,121.2,122.15,122.5,121.75,6809,833303.45,09-APR-2013,284,INE178A01016,
CHETTINAD,EQ,693.0,696.95,691.8,691.8,691.8,693.25,366,253472.8,09-APR-2013,23,INE132B01011,
CHOLAFIN,EQ,260.0,267.9,259.5,260.2,259.5,265.1,6220,1634472.95,09-APR-2013,213,INE121A01016,
CHROMATIC,EQ,16.85,16.85,16.05,16.05,16.05,16.85,756,12145.8,09-APR-2013,9,INE662C01015,
CINEMAXIN,EQ,100.0,100.0,98.1,99.25,98.35,101.7,1558,155122.25,09-APR-2013,30,INE460N01011,
CINEPRO,EQ,11.4,11.9,11.35,11.7,11.7,12.0,961,11192.8,09-APR-2013,12,INE704H01022,
CIPLA,EQ,397.35,401.0,388.85,390.9,389.15,395.0,1128997,447289827.25,09-APR-2013,29021,INE059A01026,
CLNINDIA,EQ,493.9,493.9,489.6,490.5,490.0,491.3,11558,5680208.15,09-APR-2013,332,INE492A01029,
CLUTCHAUTO,EQ,17.8,18.05,17.5,17.6,17.6,18.15,3227,57076.75,09-APR-2013,35,INE779B01019,
CMAHENDRA,EQ,92.95,92.95,88.6,89.95,89.0,89.25,9558,870437.3,09-APR-2013,349,INE378J01013,
CMC,EQ,1485.0,1509.95,1407.45,1432.8,1430.2,1450.9,68756,101389529.2,09-APR-2013,5744,INE314A01017,
COALINDIA,EQ,310.1,313.5,304.2,306.5,305.9,308.9,1790726,554772804.75,09-APR-2013,32817,INE522F01014,
COLPAL,EQ,1308.85,1323.0,1301.3,1317.0,1322.0,1309.1,39499,51930099.75,09-APR-2013,3349,INE259A01022,
COMPUSOFT,EQ,9.8,10.15,9.7,9.7,9.7,9.85,24636,244630.9,09-APR-2013,71,INE453B01029,
CONCOR,EQ,1100.0,1124.9,1074.0,1078.4,1085.0,1100.2,38854,42075295.85,09-APR-2013,1394,INE111A01017,
CORDSCABLE,EQ,19.7,19.7,19.7,19.7,19.7,18.05,200,3940.0,09-APR-2013,2,INE792I01017,
COREEDUTEC,EQ,59.9,61.0,57.0,57.85,57.5,59.45,725705,43324254.65,09-APR-2013,5323,INE247G01024,
COROMANDEL,EQ,192.0,192.0,182.0,182.7,182.35,184.95,169513,30908609.9,09-APR-2013,773,INE169A01031,
CORPBANK,EQ,387.85,389.7,382.55,384.85,385.0,387.85,28531,10992142.7,09-APR-2013,1685,INE112A01015,
COSMOFILMS,EQ,69.1,69.1,66.65,67.2,67.0,68.1,5339,364210.75,09-APR-2013,112,INE757A01017,
COX&KINGS,EQ,128.8,128.9,123.1,123.8,123.9,128.0,99669,12544826.7,09-APR-2013,2036,INE008I01026,
CRESTANI,EQ,4.8,4.8,4.8,4.8,4.8,4.6,13816,66316.8,09-APR-2013,40,INE774A01012,
CREWBOS,EQ,12.0,12.0,10.15,10.3,10.3,10.4,15540,162817.3,09-APR-2013,118,INE514G01019,
CRISIL,EQ,937.0,947.65,913.05,924.45,934.15,929.25,2652,2481840.85,09-APR-2013,289,INE007A01025,
CRMFGETF,EQ,2920.0,2926.0,2920.0,2926.0,2926.0,2935.45,201,588120.0,09-APR-2013,2,INF760K01BR1,
CROMPGREAV,EQ,92.1,93.0,90.0,90.25,90.0,91.45,1259484,115427919.5,09-APR-2013,11807,INE067A01029,
CTE,EQ,5.0,5.25,4.85,4.9,4.9,5.0,593,2906.2,09-APR-2013,9,INE627H01017,
CUB,EQ,53.6,54.55,53.05,54.15,53.65,53.5,267205,14383332.95,09-APR-2013,1204,INE491A01021,
CUMMINSIND,EQ,500.0,508.0,495.6,498.95,502.85,498.0,252241,126291912.2,09-APR-2013,4573,INE298A01020,
CYBERTECH,EQ,12.5,12.95,12.5,12.55,12.55,13.0,2179,27490.85,09-APR-2013,48,INE214A01019,
DAAWAT,EQ,46.95,48.2,46.35,46.9,47.0,46.65,10902,514555.45,09-APR-2013,134,INE818H01012,
DABUR,EQ,142.6,143.9,137.85,138.95,138.8,141.75,1381580,193330455.2,09-APR-2013,12008,INE016A01026,
DALMIABHA,EQ,146.0,149.85,146.0,146.8,146.85,148.05,903,133388.25,09-APR-2013,145,INE439L01019,
DALMIASUG,EQ,16.1,16.35,15.0,15.0,15.0,16.1,8994,138691.1,09-APR-2013,46,INE495A01022,
DATAMATICS,EQ,26.7,27.7,26.35,26.55,26.35,27.3,4629,124025.15,09-APR-2013,21,INE365B01017,
DBCORP,EQ,233.0,235.95,225.3,229.2,227.95,234.7,5333,1231374.55,09-APR-2013,1270,INE950I01011,
DBREALTY,EQ,61.0,62.0,57.95,58.0,57.95,60.95,283355,16999811.25,09-APR-2013,2837,INE879I01012,
DBSTOCKBRO,EQ,95.1,95.3,95.1,95.15,95.15,94.95,47499,4519591.45,09-APR-2013,378,INE921B01025,
DCB,EQ,42.0,43.4,41.7,42.15,41.95,42.05,536764,22791667.15,09-APR-2013,2847,INE503A01015,
DCM,EQ,64.0,66.95,63.05,63.35,63.05,65.45,19626,1278379.0,09-APR-2013,685,INE498A01018,
DCMSRMCONS,EQ,54.5,56.9,54.5,55.05,55.0,55.2,10282,566196.25,09-APR-2013,610,INE499A01024,
DCW,EQ,13.9,14.2,12.65,12.9,13.0,13.55,200010,2657708.45,09-APR-2013,784,INE500A01029,
DECOLIGHT,BE,7.6,7.6,7.55,7.55,7.55,7.9,453,3420.8,09-APR-2013,5,INE172I01012,
DEEPAKFERT,EQ,97.75,100.45,96.2,99.5,99.65,96.1,36479,3616391.1,09-APR-2013,1446,INE501A01019,
DEEPIND,EQ,35.45,35.65,34.8,35.1,35.25,35.8,1958,68900.75,09-APR-2013,121,INE677H01012,
DELTACORP,EQ,50.4,52.2,49.8,50.5,50.55,49.95,1688710,85794389.2,09-APR-2013,13497,INE124G01033,
DEN,EQ,203.75,206.75,197.0,198.45,199.0,205.3,197830,40060495.95,09-APR-2013,5462,INE947J01015,
DENABANK,EQ,89.75,91.0,86.4,86.6,86.55,89.25,2021117,178883702.8,09-APR-2013,13524,INE077A01010,
DENSO,BE,49.95,50.4,46.2,48.0,48.0,48.0,1200,57987.5,09-APR-2013,7,INE502A01017,
DHAMPURSUG,EQ,49.25,49.75,47.7,47.85,48.25,49.45,89974,4402886.4,09-APR-2013,1140,INE041A01016,
DHANBANK,EQ,45.9,46.7,45.3,45.55,45.75,45.55,231356,10647546.7,09-APR-2013,1674,INE680A01011,
DHANUKA,EQ,117.8,118.5,116.0,117.95,117.9,118.65,16077,1892648.9,09-APR-2013,105,INE435G01025,
DHANUS,EQ,0.25,0.3,0.2,0.2,0.25,0.25,7731311,1556421.25,09-APR-2013,468,INE406H01016,
DHARSUGAR,EQ,30.65,30.65,28.6,28.95,28.65,31.2,4169,122392.95,09-APR-2013,98,INE988C01014,
DHFL,EQ,160.0,162.45,159.6,160.65,161.0,159.9,86097,13834376.65,09-APR-2013,1862,INE202B01012,
DIAPOWER,EQ,82.0,83.4,80.3,80.55,80.35,80.4,9152,752307.4,09-APR-2013,213,INE989C01012,
DICIND,EQ,188.0,191.2,185.1,187.1,189.35,186.95,578,109129.2,09-APR-2013,77,INE303A01010,
DIGJAM,EQ,5.05,5.35,4.8,4.9,4.85,5.15,7788,38940.1,09-APR-2013,80,INE471A01023,
DISHMAN,EQ,68.75,70.5,66.9,67.5,67.7,67.6,272591,18816353.65,09-APR-2013,3891,INE353G01020,
DISHTV,EQ,70.0,70.7,69.0,69.45,69.05,69.55,3790141,265145501.85,09-APR-2013,24303,INE836F01026,
DIVISLAB,EQ,1029.0,1047.45,1020.05,1026.45,1026.1,1026.2,78467,81384456.35,09-APR-2013,4783,INE361B01024,
DLF,EQ,236.3,237.9,228.45,230.0,230.3,233.5,8234412,1911438962.75,09-APR-2013,69321,INE271C01023,
DLINKINDIA,EQ,29.3,29.3,27.0,27.45,27.0,27.15,15980,443451.95,09-APR-2013,188,INE250K01012,
DOLPHINOFF,EQ,97.05,103.0,97.05,98.7,98.1,98.1,1799,178329.05,09-APR-2013,21,INE920A01011,
DPSCLTD,EQ,18.0,18.0,17.8,17.95,17.95,17.8,3113,55692.3,09-APR-2013,18,INE360C01024,
DPTL,EQ,87.15,88.3,86.0,86.65,86.6,86.95,1749,152297.15,09-APR-2013,178,INE477B01010,
DQE,EQ,10.05,10.05,9.6,9.75,9.75,10.05,23365,229976.8,09-APR-2013,132,INE656K01010,
DREDGECORP,EQ,229.95,235.6,223.0,224.8,223.35,229.1,6701,1541320.35,09-APR-2013,522,INE506A01018,
DRREDDY,EQ,1935.0,1935.95,1903.05,1916.5,1906.2,1936.7,570212,1093628240.05,09-APR-2013,29042,INE089A01023,
DSKULKARNI,EQ,69.4,69.7,67.7,68.3,68.1,69.25,2224,152368.35,09-APR-2013,294,INE891A01014,
DUNCANSIND,EQ,8.25,8.45,8.15,8.35,8.3,8.25,7072,58868.95,09-APR-2013,52,INE508A01014,
DWARKESH,EQ,32.05,32.5,29.7,30.7,31.65,32.2,17506,538490.4,09-APR-2013,364,INE366A01033,
DYNAMATECH,EQ,665.0,665.0,645.0,645.0,645.0,661.05,30,19761.95,09-APR-2013,14,INE221B01012,
EASTSILK,EQ,2.0,2.15,2.0,2.05,2.05,2.2,5554,11358.0,09-APR-2013,13,INE962C01027,
EASUNREYRL,EQ,55.6,56.5,54.6,55.95,56.0,55.9,4399,244408.65,09-APR-2013,391,INE268C01029,
ECEIND,EQ,115.0,116.0,111.05,111.7,111.1,115.8,454,50999.35,09-APR-2013,74,INE588B01014,
ECLERX,EQ,631.0,633.0,630.0,630.1,630.0,630.4,1032,651457.4,09-APR-2013,76,INE738I01010,
EDELWEISS,EQ,30.05,30.55,29.75,29.95,30.1,30.25,29494,888687.75,09-APR-2013,332,INE532F01054,
EDL,EQ,57.15,58.9,56.3,58.2,58.0,56.75,29233,1694483.1,09-APR-2013,541,INE180G01019,
EDSERV,EQ,4.85,5.1,4.85,4.9,4.85,4.9,48558,243153.85,09-APR-2013,300,INE889J01019,
EDUCOMP,EQ,60.3,61.45,57.1,57.8,58.4,59.9,946081,56186062.1,09-APR-2013,9720,INE216H01027,
EICHERMOT,EQ,2630.0,2739.0,2630.0,2728.8,2729.9,2702.5,87920,238671635.75,09-APR-2013,1586,INE066A01013,
EIDPARRY,EQ,156.0,156.0,151.9,152.75,153.7,154.55,39816,6112443.0,09-APR-2013,1165,INE126A01031,
EIHAHOTELS,EQ,110.2,110.2,108.3,109.05,108.3,110.45,459,50376.15,09-APR-2013,34,INE276C01014,
EIHOTEL,EQ,56.65,56.65,55.3,55.55,55.85,56.05,24734,1383031.0,09-APR-2013,263,INE230A01023,
EKC,EQ,22.25,22.3,21.0,21.05,21.05,21.7,31036,663553.35,09-APR-2013,262,INE184H01027,
ELDERPHARM,EQ,317.95,319.55,311.6,313.35,319.5,315.7,19756,6205907.1,09-APR-2013,407,INE975A01015,
ELECON,EQ,31.1,33.25,31.0,31.2,31.2,31.7,114402,3690582.0,09-APR-2013,1246,INE205B01023,
ELECTCAST,EQ,16.7,16.85,16.25,16.4,16.45,16.5,57863,957855.45,09-APR-2013,229,INE086A01029,
ELECTHERM,EQ,24.25,24.25,24.25,24.25,24.25,23.15,575,13943.75,09-APR-2013,3,INE822G01016,
ELFORGE,EQ,5.25,5.25,5.05,5.25,5.25,4.9,165,866.05,09-APR-2013,5,INE158F01017,
ELGIEQUIP,EQ,75.95,76.0,74.3,74.75,74.45,74.25,2675,201009.8,09-APR-2013,93,INE285A01027,
ELGIRUBCO,EQ,23.35,23.65,23.35,23.65,23.65,23.9,500,11755.0,09-APR-2013,3,INE819L01012,
ELNET,EQ,33.85,34.0,33.5,34.0,34.0,34.15,2551,85929.25,09-APR-2013,28,INE033C01019,
EMAMIINFRA,EQ,19.35,19.8,19.1,19.1,19.1,19.5,1623,31494.4,09-APR-2013,29,INE778K01012,
EMAMILTD,EQ,602.05,610.0,591.9,599.25,599.9,607.05,89217,53646020.15,09-APR-2013,1039,INE548C01032,
EMCO,EQ,20.9,20.9,19.1,19.3,19.4,19.6,19835,391113.9,09-APR-2013,151,INE078A01026,
EMKAY,EQ,18.5,19.2,18.4,18.65,18.5,18.3,6440,120722.2,09-APR-2013,54,INE296H01011,
EMMBI,EQ,12.2,12.85,12.0,12.35,12.35,12.1,15668,191705.45,09-APR-2013,75,INE753K01015,
EMPEESUG,EQ,6.5,7.2,6.5,6.8,6.8,6.9,10911,76278.45,09-APR-2013,57,INE928B01012,
ENERGYDEV,EQ,18.0,18.2,17.65,18.0,18.0,17.75,2535,45627.35,09-APR-2013,35,INE306C01019,
ENGINERSIN,EQ,155.2,156.85,152.3,153.5,153.5,155.2,48019,7439931.15,09-APR-2013,1406,INE510A01028,
ENIL,EQ,224.95,230.85,223.0,224.3,223.05,225.55,41380,9482121.05,09-APR-2013,1383,INE265F01028,
ERAINFRA,EQ,133.5,133.6,131.85,132.45,132.4,132.9,89391,11866452.35,09-APR-2013,1048,INE039E01020,
EROSMEDIA,EQ,171.7,173.9,170.0,170.7,170.45,171.2,74355,12820606.0,09-APR-2013,2111,INE416L01017,
ESABINDIA,EQ,415.85,418.5,411.8,414.3,411.8,413.15,431,179146.8,09-APR-2013,36,INE284A01012,
ESCORTS,EQ,54.25,55.55,53.85,54.25,54.75,54.0,253995,13927073.35,09-APR-2013,2713,INE042A01014,
ESL,EQ,5.05,5.3,4.95,4.95,4.95,5.05,627528,3180086.25,09-APR-2013,601,INE481K01013,
ESSAROIL,EQ,79.7,81.1,77.05,77.45,77.5,78.7,1113769,88394508.85,09-APR-2013,12429,INE011A01019,
ESSARPORTS,EQ,88.5,88.9,84.4,87.85,88.0,87.9,176159,15494436.35,09-APR-2013,259,INE282A01024,
ESSARSHPNG,EQ,20.45,20.7,19.2,19.4,19.35,21.35,14066,280426.8,09-APR-2013,129,INE122M01019,
ESSDEE,EQ,384.0,399.0,381.55,384.6,385.0,377.05,412803,161347870.45,09-APR-2013,15292,INE825H01017,
ESSELPACK,EQ,32.95,33.0,32.05,32.2,32.15,32.3,18535,601530.7,09-APR-2013,271,INE255A01020,
ESTER,EQ,9.95,10.05,9.4,9.5,9.4,9.9,37204,364250.7,09-APR-2013,147,INE778B01029,
EVEREADY,EQ,17.05,19.7,17.05,18.2,18.4,17.05,1291001,24412462.85,09-APR-2013,5494,INE128A01029,
EVERESTIND,EQ,208.5,208.5,195.55,198.25,201.0,202.8,9305,1868646.15,09-APR-2013,300,INE295A01018,
EVERONN,EQ,62.0,62.0,57.55,58.35,58.6,60.5,190366,11422561.7,09-APR-2013,2884,INE678H01010,
EXCELCROP,EQ,158.5,162.95,150.15,158.3,160.0,155.9,4639,737855.3,09-APR-2013,279,INE223G01017,
EXCELINDUS,EQ,60.0,60.2,60.0,60.2,60.2,60.1,3375,203100.0,09-APR-2013,6,INE369A01029,
EXCELINFO,EQ,29.1,29.35,29.05,29.2,29.05,29.2,11450,335027.55,09-APR-2013,25,INE688J01015,
EXIDEIND,EQ,124.0,124.0,120.3,121.45,121.3,122.95,1504252,182871067.65,09-APR-2013,9844,INE302A01020,
FACT,EQ,22.55,22.8,22.2,22.25,22.25,22.75,2060,46500.0,09-APR-2013,18,INE188A01015,
FAGBEARING,EQ,1425.05,1440.0,1387.0,1398.85,1399.95,1440.85,6662,9450684.55,09-APR-2013,238,INE513A01014,
FARMAXIND,BE,0.5,0.55,0.5,0.55,0.55,0.55,33123,16871.6,09-APR-2013,13,INE890I01035,
FCSSOFT,EQ,0.25,0.25,0.2,0.25,0.25,0.2,198087,42519.95,09-APR-2013,66,INE512B01022,
FDC,EQ,90.05,90.15,89.5,89.55,89.5,90.0,20538,1845440.3,09-APR-2013,268,INE258B01022,
FEDDERLOYD,EQ,34.8,34.8,32.8,33.3,33.75,33.75,18215,609043.95,09-APR-2013,228,INE249C01011,
FEDERALBNK,EQ,447.3,453.05,441.8,444.15,443.2,445.6,356161,159116921.6,09-APR-2013,14966,INE171A01011,
FIEMIND,EQ,189.75,192.95,189.0,190.1,191.75,190.0,8734,1673965.35,09-APR-2013,124,INE737H01014,
FILATEX,EQ,20.15,20.15,20.15,20.15,20.15,21.2,85,1712.75,09-APR-2013,1,INE816B01019,
FINANTECH,EQ,725.2,732.0,700.05,704.5,703.45,721.55,193821,139075183.75,09-APR-2013,11143,INE111B01023,
FINCABLES,EQ,49.25,50.9,48.5,49.0,48.7,50.0,46607,2316681.75,09-APR-2013,509,INE235A01022,
FINPIPE,EQ,93.45,95.75,93.45,95.15,95.5,94.35,102689,9760384.1,09-APR-2013,584,INE183A01016,
FIRSTLEASE,EQ,45.8,46.3,45.0,46.1,46.3,46.2,7809,358494.25,09-APR-2013,61,INE492B01019,
FKONCO,EQ,115.05,116.35,112.0,112.3,112.9,113.85,39270,4495135.7,09-APR-2013,543,INE575G01010,
FLEXITUFF,EQ,220.9,229.6,217.0,219.95,217.0,219.7,27624,6145987.2,09-APR-2013,666,INE060J01017,
FMGOETZE,EQ,198.05,198.05,198.05,198.05,198.05,199.75,419,82982.95,09-APR-2013,3,INE529A01010,
FMNL,EQ,13.55,13.55,13.55,13.55,13.55,12.95,1,13.55,09-APR-2013,1,INE360L01017,
FORTIS,EQ,100.5,100.5,97.1,97.8,97.65,98.15,54889,5400094.0,09-APR-2013,1129,INE061F01013,
FOSECOIND,EQ,461.0,466.95,460.0,460.45,460.0,460.0,674,311437.55,09-APR-2013,96,INE519A01011,
FOURSOFT,EQ,15.25,15.25,14.25,14.35,14.3,15.0,29784,439466.5,09-APR-2013,128,INE218G01017,
FSL,EQ,10.95,11.0,10.55,10.7,10.6,10.8,433525,4647764.6,09-APR-2013,542,INE684F01012,
FUTUREVENT,EQ,10.35,10.35,9.8,9.9,9.9,9.95,121247,1200477.35,09-APR-2013,147,INE220J01017,
GABRIEL,EQ,19.45,19.5,19.0,19.1,19.0,19.4,10816,208076.2,09-APR-2013,88,INE524A01029,
GAEL,EQ,23.3,24.0,23.1,23.25,23.1,23.55,13657,319536.9,09-APR-2013,62,INE036B01022,
GAIL,EQ,321.1,322.8,312.0,313.8,312.05,320.4,602171,190933187.4,09-APR-2013,10536,INE129A01019,
GAL,BE,24.0,24.5,22.55,24.25,24.35,23.35,8268,194062.3,09-APR-2013,78,INE482J01013,
GALLANTT,EQ,17.6,17.9,17.0,17.4,17.4,17.5,5670,97429.75,09-APR-2013,48,INE297H01019,
GALLISPAT,EQ,72.5,74.8,72.5,72.5,72.5,72.1,708,51343.05,09-APR-2013,581,INE528K01011,
GAMMNINFRA,EQ,10.95,11.3,10.9,11.0,11.0,11.0,27804,308437.25,09-APR-2013,153,INE181G01025,
GAMMONIND,EQ,23.65,24.0,22.1,22.6,22.4,23.55,96359,2236349.2,09-APR-2013,581,INE259B01020,
GANDHITUBE,EQ,150.3,154.0,150.3,151.1,151.1,154.55,119,17989.9,09-APR-2013,13,INE524B01027,
GANESHHOUC,EQ,77.0,79.9,77.0,79.15,79.0,78.55,5219,412122.85,09-APR-2013,140,INE460C01014,
GANGOTRI,EQ,2.1,2.1,2.1,2.1,2.1,2.3,200,420.0,09-APR-2013,1,INE670B01028,
GARDENSILK,EQ,49.0,50.0,49.0,49.05,49.65,49.2,7411,364863.45,09-APR-2013,85,INE526A01016,
GATI,EQ,27.55,27.55,26.1,26.15,26.15,27.0,52630,1400931.35,09-APR-2013,412,INE152B01027,
GAYAPROJ,EQ,73.4,73.9,68.1,68.35,68.5,70.35,2433,172038.0,09-APR-2013,136,INE336H01015,
GDL,EQ,121.0,121.0,117.0,118.45,117.0,121.1,30594,3661110.8,09-APR-2013,973,INE852F01015,
GEINDSYS,EQ,48.0,48.0,47.1,47.65,47.1,48.25,1653,79016.9,09-APR-2013,18,INE599B01011,
GEMINI,EQ,2.2,2.25,2.15,2.15,2.15,2.25,42531,92992.75,09-APR-2013,56,INE878C01033,
GENESYS,EQ,98.75,98.9,96.5,96.55,96.5,94.05,4918,475002.55,09-APR-2013,171,INE727B01026,
GENUSPOWER,EQ,11.5,12.3,11.35,11.8,11.75,11.6,55693,674717.75,09-APR-2013,170,INE955D01029,
GEODESIC,EQ,10.4,10.6,10.1,10.6,10.6,10.1,454351,4789279.2,09-APR-2013,1077,INE371D01029,
GEOJITBNPP,EQ,19.1,20.25,19.1,19.7,19.7,19.7,62999,1256744.95,09-APR-2013,246,INE007B01023,
GEOMETRIC,EQ,98.1,103.0,98.1,100.15,100.4,98.2,105596,10666277.55,09-APR-2013,1406,INE797A01021,
GESHIP,EQ,230.6,234.85,228.0,232.8,234.0,229.85,19637,4520612.65,09-APR-2013,1045,INE017A01032,
GHCL,EQ,35.9,36.0,35.6,35.75,35.75,35.9,71108,2544849.6,09-APR-2013,161,INE539A01019,
GICHSGFIN,EQ,105.15,108.0,103.7,104.7,105.7,105.95,54030,5715753.65,09-APR-2013,884,INE289B01019,
GILLETTE,EQ,2084.95,2085.0,2002.0,2027.95,2002.0,2028.35,1441,2936180.1,09-APR-2013,101,INE322A01010,
GIPCL,EQ,78.0,78.0,73.1,73.65,73.2,74.65,14726,1102357.0,09-APR-2013,193,INE162A01010,
GITANJALI,EQ,606.2,610.0,584.15,585.35,585.05,605.4,636828,374783781.2,09-APR-2013,7334,INE346H01014,
GLAXO,EQ,2200.0,2213.95,2197.0,2200.5,2204.95,2200.1,3903,8589866.2,09-APR-2013,570,INE159A01016,
GLENMARK,EQ,493.0,519.3,482.8,488.6,491.2,491.0,1421806,714532354.8,09-APR-2013,43970,INE935A01035,
GLOBOFFS,EQ,61.25,62.85,61.0,62.75,62.85,62.45,483,29777.0,09-APR-2013,156,INE446C01013,
GLOBUSSPR,EQ,102.4,104.0,98.1,99.45,98.1,102.15,43417,4441335.85,09-APR-2013,1139,INE615I01010,
GLODYNE,EQ,14.5,14.6,13.55,14.1,14.5,13.95,124149,1787720.3,09-APR-2013,571,INE932G01021,
GLORY,EQ,1.5,1.5,1.5,1.5,1.5,1.45,7470,11205.0,09-APR-2013,21,INE408H01012,
GMBREW,EQ,71.05,72.3,71.0,71.0,71.0,71.2,3356,240211.3,09-APR-2013,48,INE075D01018,
GMDCLTD,EQ,161.1,162.5,156.0,156.75,157.0,160.9,72328,11419822.1,09-APR-2013,3845,INE131A01031,
GMRINFRA,EQ,21.55,22.25,21.0,21.1,21.2,22.0,6730473,144662986.7,09-APR-2013,11160,INE776C01039,
GNFC,EQ,73.75,74.0,72.15,72.8,72.55,73.0,20915,1533477.85,09-APR-2013,401,INE113A01013,
GOACARBON,EQ,75.1,76.0,72.25,73.65,72.4,72.85,58290,4356806.15,09-APR-2013,1081,INE426D01013,
GODFRYPHLP,EQ,2729.95,2730.0,2610.25,2636.25,2615.0,2718.0,263,710254.55,09-APR-2013,47,INE260B01010,
GODREJCP,EQ,814.0,814.0,796.0,803.85,806.0,806.6,125007,100500759.35,09-APR-2013,8481,INE102D01028,
GODREJIND,EQ,294.0,298.4,293.0,295.6,296.0,293.55,158288,46778693.25,09-APR-2013,3402,INE233A01035,
GODREJPROP,EQ,529.0,534.9,525.1,528.7,533.85,531.2,6302,3333607.5,09-APR-2013,399,INE484J01019,
GOENKA,EQ,29.2,29.6,28.35,29.2,28.85,29.2,545143,15918872.2,09-APR-2013,892,INE516K01024,
GOKEX,EQ,32.65,32.65,31.0,31.4,31.45,33.55,17558,554955.0,09-APR-2013,174,INE887G01027,
GOKUL,EQ,20.5,22.0,20.0,20.4,20.1,21.05,2071,43303.65,09-APR-2013,224,INE020J01029,
GOLDBEES,EQ,2740.0,2783.9,2735.1,2778.95,2780.0,2784.8,14656,40674838.15,09-APR-2013,2488,INF732E01102,
GOLDENTOBC,EQ,24.7,24.7,23.25,23.25,23.25,23.05,491,11654.55,09-APR-2013,41,INE973A01010,
GOLDIAM,EQ,20.4,20.4,20.4,20.4,20.4,20.4,200,4080.0,09-APR-2013,1,INE025B01017,
GOLDINFRA,EQ,10.05,10.05,9.5,9.9,9.9,10.1,5810,56768.25,09-APR-2013,25,INE260D01016,
GOLDSHARE,EQ,2768.4,2768.4,2741.5,2757.55,2751.95,2768.4,3179,8747429.1,09-APR-2013,299,INF789F01059,
GPIL,EQ,83.0,85.4,81.9,82.25,83.0,83.45,7768,645928.9,09-APR-2013,200,INE177H01013,
GPPL,EQ,50.4,50.9,49.75,50.6,50.85,50.15,675479,33948376.0,09-APR-2013,516,INE517F01014,
GRANULES,EQ,103.55,105.0,100.55,101.35,101.95,102.8,13278,1368138.7,09-APR-2013,296,INE101D01012,
GRAPHITE,EQ,79.35,79.5,77.8,78.75,78.15,79.2,10485,827673.0,09-APR-2013,2114,INE371A01025,
GRASIM,EQ,2754.9,2768.0,2733.1,2750.0,2740.0,2734.95,67111,184966844.0,09-APR-2013,2994,INE047A01013,
GRAVITA,EQ,34.45,34.45,34.45,34.45,34.45,32.85,6484,223373.8,09-APR-2013,39,INE024L01027,
GREAVESCOT,EQ,69.1,69.9,68.65,69.0,68.85,69.25,71600,4947469.4,09-APR-2013,340,INE224A01026,
GREENFIRE,EQ,0.95,0.95,0.85,0.85,0.85,0.9,21230,18345.1,09-APR-2013,18,INE217G01027,
GREENPLY,EQ,418.9,453.0,415.0,449.9,440.1,415.2,1241056,558102089.95,09-APR-2013,2039,INE461C01020,
GREENPOWER,EQ,14.3,14.5,14.3,14.35,14.35,14.3,41220,590653.65,09-APR-2013,64,INE999K01014,
GRINDWELL,EQ,245.05,248.9,244.0,244.05,244.0,247.0,743,182221.55,09-APR-2013,35,INE536A01023,
GRUH,EQ,214.05,214.05,207.65,208.1,208.0,214.05,16548,3490084.25,09-APR-2013,522,INE580B01029,
GSFC,EQ,57.55,58.7,53.1,54.55,54.35,57.95,358124,20088506.95,09-APR-2013,4210,INE026A01025,
GSKCONS,EQ,4277.0,4277.0,4021.25,4077.15,4050.0,4200.4,5168,21338714.55,09-APR-2013,2141,INE264A01014,
GSLNOVA,EQ,1.2,1.2,1.2,1.2,1.2,1.2,500,600.0,09-APR-2013,1,INE787A01022,
GSPL,EQ,68.65,69.9,66.7,67.65,67.85,68.0,643810,43910504.3,09-APR-2013,4601,INE246F01010,
GSS,EQ,32.5,35.0,32.5,33.45,33.05,32.95,2468,84518.8,09-APR-2013,100,INE871H01011,
GTL,EQ,16.3,16.35,15.55,15.7,15.75,16.1,105947,1690744.35,09-APR-2013,681,INE043A01012,
GTLINFRA,EQ,2.6,2.6,2.5,2.55,2.55,2.65,6561446,16879254.2,09-APR-2013,4077,INE221H01019,
GTOFFSHORE,EQ,66.25,66.5,63.25,64.05,63.6,65.65,26864,1749578.2,09-APR-2013,454,INE892H01017,
GUFICBIO,EQ,6.85,7.05,6.4,6.4,6.4,6.4,1761,11595.55,09-APR-2013,18,INE742B01025,
GUJALKALI,EQ,169.0,177.4,168.05,173.0,171.85,167.8,178003,30830628.85,09-APR-2013,4366,INE186A01019,
GUJAPOLLO,EQ,102.85,106.45,100.0,101.9,100.0,102.35,37064,3824882.15,09-APR-2013,1020,INE826C01016,
GUJFLUORO,EQ,297.7,297.7,290.0,292.85,293.05,295.25,12963,3808002.45,09-APR-2013,390,INE538A01037,
GUJNRECOKE,EQ,17.25,17.35,16.8,16.85,16.9,17.15,252449,4310104.25,09-APR-2013,741,INE110D01013,
GUJNREDVR,EQ,8.7,9.0,8.1,8.9,8.95,8.9,8044,68910.95,09-APR-2013,92,IN9110D01011,
GUJRATGAS,EQ,260.0,265.0,257.2,259.25,265.0,258.3,35798,9270174.35,09-APR-2013,1882,INE374A01029,
GULFOILCOR,EQ,61.55,66.15,61.25,62.05,61.25,61.0,198666,12581229.9,09-APR-2013,2824,INE077F01027,
GVKPIL,EQ,9.5,9.6,9.25,9.3,9.3,9.45,4048254,38229845.95,09-APR-2013,6914,INE251H01024,
HALONIX,EQ,34.9,35.9,32.0,32.0,32.0,33.5,753,25146.5,09-APR-2013,21,INE455B01016,
HANUNG,EQ,121.9,124.9,119.35,119.9,119.7,120.6,136307,16748540.65,09-APR-2013,3660,INE648H01013,
HARRMALAYA,EQ,47.0,47.4,46.05,46.15,46.35,46.4,4856,227140.45,09-APR-2013,103,INE544A01019,
HATHWAY,EQ,258.75,267.0,252.15,254.55,255.6,257.8,26249,6825378.1,09-APR-2013,1271,INE982F01028,
HAVELLS,EQ,616.0,631.05,616.0,619.15,617.0,610.25,155706,97147178.95,09-APR-2013,7226,INE176B01026,
HBLPOWER,EQ,9.65,10.05,9.65,9.8,9.65,9.75,36382,360123.1,09-APR-2013,96,INE292B01021,
HCC,EQ,14.55,14.8,14.1,14.25,14.25,14.4,325899,4728190.8,09-APR-2013,1065,INE549A01026,
HCIL,EQ,13.25,13.75,13.0,13.0,13.0,13.35,1965,26521.2,09-APR-2013,33,INE019C01026,
HCL-INSYS,EQ,39.0,39.6,38.75,38.95,39.0,39.0,92634,3620413.8,09-APR-2013,373,INE236A01020,
HCLTECH,EQ,751.25,754.8,738.6,740.5,739.95,745.35,1126891,844236950.4,09-APR-2013,18612,INE860A01027,
HDFC,EQ,766.0,775.0,750.1,752.95,751.05,758.2,1754228,1342342413.6,09-APR-2013,50558,INE001A01036,
HDFCBANK,EQ,628.1,628.1,617.4,620.6,620.6,624.45,3690102,2297705028.5,09-APR-2013,42060,INE040A01026,
HDFCMFGETF,EQ,2888.5,2888.5,2857.25,2872.45,2866.5,2901.5,831,2381779.2,09-APR-2013,245,INF179K01CN1,
HDIL,EQ,47.7,48.6,45.85,46.3,46.45,47.15,14506303,686503987.95,09-APR-2013,46828,INE191I01012,
HEG,EQ,173.25,175.6,173.25,173.65,173.5,173.25,1388,241163.5,09-APR-2013,48,INE545A01016,
HEIDELBERG,EQ,35.7,36.8,34.5,34.95,35.0,35.15,56369,2010954.6,09-APR-2013,515,INE578A01017,
HELIOSMATH,EQ,43.0,43.0,40.75,41.05,41.2,41.15,25799,1073648.2,09-APR-2013,156,INE674B01012,
HERCULES,EQ,114.85,114.9,111.3,111.55,111.5,112.45,9701,1095146.65,09-APR-2013,241,INE688E01024,
HERITGFOOD,EQ,415.0,445.0,410.1,420.9,415.0,412.9,9143,3925253.55,09-APR-2013,425,INE978A01019,
HEROMOTOCO,EQ,1484.95,1505.45,1463.0,1465.1,1466.0,1480.1,298280,441713694.8,09-APR-2013,19413,INE158A01026,
HEXATRADEX,EQ,27.9,27.9,24.6,25.05,25.0,25.6,4405,111786.5,09-APR-2013,159,INE750M01017,
HEXAWARE,EQ,93.05,94.8,90.7,91.75,91.8,92.75,2713828,253772138.3,09-APR-2013,21417,INE093A01033,
HFCL,EQ,8.95,9.05,8.45,8.5,8.6,8.8,1688813,15041540.7,09-APR-2013,1076,INE548A01028,
HGS,EQ,271.6,271.6,266.3,269.95,270.0,266.15,1119,301676.9,09-APR-2013,14,INE170I01016,
HIKAL,EQ,390.0,410.0,387.1,404.7,410.0,385.15,2798,1107916.1,09-APR-2013,181,INE475B01014,
HIL,EQ,379.0,379.5,375.0,377.6,378.0,377.15,4460,1682560.15,09-APR-2013,163,INE557A01011,
HIMATSEIDE,EQ,31.3,32.1,31.0,31.55,31.55,31.55,4878,153529.0,09-APR-2013,76,INE049A01027,
HINDALCO,EQ,91.65,92.4,90.6,90.85,90.9,90.6,7646303,700851300.05,09-APR-2013,30603,INE038A01020,
HINDCOPPER,EQ,101.0,103.95,99.2,99.7,99.85,100.95,342530,34853977.6,09-APR-2013,5767,INE531E01026,
HINDDORROL,EQ,12.85,12.85,11.75,11.85,11.95,12.45,60840,739630.65,09-APR-2013,385,INE551A01022,
HINDMOTORS,EQ,9.0,9.25,8.8,8.85,8.95,9.0,125748,1131240.65,09-APR-2013,255,INE253A01025,
HINDNATGLS,EQ,193.0,193.0,185.0,185.0,185.0,194.5,443,84736.4,09-APR-2013,312,INE952A01022,
HINDOILEXP,EQ,55.0,60.05,54.7,57.75,58.35,54.6,1158089,67516430.55,09-APR-2013,10398,INE345A01011,
HINDPETRO,EQ,292.0,298.3,287.7,290.15,290.25,290.2,1473161,433562397.65,09-APR-2013,17971,INE094A01015,
HINDSYNTEX,BE,7.75,7.75,7.65,7.75,7.75,7.75,3200,24780.0,09-APR-2013,3,INE155B01012,
HINDUJAFO,EQ,42.3,42.3,37.95,39.5,39.95,41.4,264,10409.55,09-APR-2013,54,INE291F01016,
HINDUJAVEN,EQ,405.0,412.0,401.25,403.45,401.25,401.1,292,118806.25,09-APR-2013,51,INE353A01023,
HINDUNILVR,EQ,479.05,480.5,469.15,472.15,472.05,477.95,3098313,1469645548.75,09-APR-2013,63288,INE030A01027,
HINDZINC,EQ,115.1,118.5,115.1,117.35,117.05,115.9,540830,63730900.95,09-APR-2013,10553,INE267A01025,
HIRECT,EQ,50.55,53.0,50.3,51.05,50.95,52.0,594,30448.45,09-APR-2013,45,INE835D01023,
HITACHIHOM,EQ,122.5,122.5,118.0,118.4,118.0,121.15,20038,2412620.95,09-APR-2013,551,INE782A01015,
HITECHGEAR,EQ,74.05,74.1,74.0,74.0,74.0,75.05,105,7771.1,09-APR-2013,4,INE127B01011,
HITECHPLAS,EQ,42.0,43.0,40.8,42.95,43.0,40.6,360,15261.3,09-APR-2013,9,INE120D01012,
HMT,EQ,28.5,28.85,27.5,27.7,27.75,28.15,32884,923423.1,09-APR-2013,347,INE262A01018,
HMVL,EQ,137.25,137.25,133.2,133.35,133.2,135.85,171,22964.6,09-APR-2013,8,INE871K01015,
HNGSNGBEES,EQ,1836.0,1836.0,1836.0,1836.0,1836.0,1915.0,8,14688.0,09-APR-2013,6,INF732E01227,
HOCL,EQ,12.45,12.85,11.7,11.75,11.7,12.2,15855,191362.95,09-APR-2013,101,INE048A01011,
HONAUT,EQ,2509.95,2509.95,2435.0,2454.5,2450.0,2465.3,348,858170.7,09-APR-2013,83,INE671A01010,
HONDAPOWER,EQ,411.0,420.0,401.15,406.95,409.0,414.3,1491,617673.5,09-APR-2013,92,INE634A01018,
HORIZONINF,EQ,89.3,93.0,86.8,90.3,88.5,91.35,23362,2055489.5,09-APR-2013,228,INE429F01012,
HOTELEELA,EQ,21.2,21.85,20.95,21.0,21.15,21.4,58712,1240238.9,09-APR-2013,376,INE102A01024,
HOTELRUGBY,EQ,5.75,6.0,5.75,6.0,6.0,5.75,8580,51407.5,09-APR-2013,38,INE275F01019,
HOVS,EQ,28.0,28.5,27.15,27.35,27.45,28.35,4612,127313.4,09-APR-2013,69,INE596H01014,
HSIL,EQ,96.2,99.0,93.05,94.1,93.45,97.25,25660,2463015.4,09-APR-2013,541,INE415A01038,
HTMEDIA,EQ,96.65,98.0,94.5,96.75,96.0,96.65,11881,1143947.3,09-APR-2013,324,INE501G01024,
HUBTOWN,EQ,137.0,137.9,134.05,136.25,136.65,138.2,7155,977598.55,09-APR-2013,442,INE703H01016,
IBIPL,EQ,4.4,4.45,4.2,4.25,4.3,4.35,6413394,28139561.95,09-APR-2013,1044,INE834M01019,
IBPOW,EQ,9.05,9.15,8.55,8.6,8.6,8.9,2621073,22962565.55,09-APR-2013,4555,INE399K01017,
IBREALEST,EQ,52.7,53.9,51.0,51.3,51.25,52.3,3594666,188397354.9,09-APR-2013,14646,INE069I01010,
IBSEC,EQ,10.0,10.15,9.95,10.0,10.0,10.05,475772,4771061.9,09-APR-2013,684,INE274G01010,
IBWSL,EQ,11.0,11.25,10.65,10.75,10.75,11.0,22984,248686.05,09-APR-2013,70,INE126M01010,
ICICIBANK,EQ,996.55,1019.75,983.2,990.05,984.9,989.1,3800216,3804892367.35,09-APR-2013,93659,INE090A01013,
ICIL,EQ,10.2,10.35,10.2,10.35,10.35,11.05,180,1843.5,09-APR-2013,4,INE483B01018,
ICRA,EQ,1053.0,1057.0,1030.0,1032.0,1030.0,1054.55,622,651572.5,09-APR-2013,83,INE725G01011,
ICSA,EQ,8.0,8.0,7.15,7.3,7.4,7.75,82562,622225.3,09-APR-2013,308,INE306B01029,
IDBI,EQ,81.05,82.9,79.35,79.85,79.75,80.85,1250135,101440478.55,09-APR-2013,9762,INE008A01015,
IDBIGOLD,EQ,2901.0,2917.0,2897.0,2897.0,2897.0,2927.75,40,116194.25,09-APR-2013,11,INF397L01554,
IDEA,EQ,106.4,107.5,104.2,105.75,105.9,106.85,3009230,317949078.85,09-APR-2013,26443,INE669E01016,
IDFC,EQ,142.2,146.7,140.05,141.8,140.8,140.85,7114343,1023074860.6,09-APR-2013,45478,INE043D01016,
IFBAGRO,EQ,161.8,166.5,155.0,155.7,155.1,161.5,1154,184576.25,09-APR-2013,114,INE076C01018,
IFBIND,EQ,85.15,86.6,84.95,85.0,85.0,85.15,7070,604113.65,09-APR-2013,174,INE559A01017,
IFCI,EQ,27.15,27.95,26.5,26.7,26.65,26.8,13859990,377034743.0,09-APR-2013,32353,INE039A01010,
IFGLREFRAC,EQ,32.5,33.45,32.05,32.1,33.0,32.8,2416,78033.8,09-APR-2013,274,INE023B01012,
IGARASHI,EQ,54.35,54.6,53.5,54.3,53.55,55.1,328,17643.75,09-APR-2013,27,INE188B01013,
IGL,EQ,293.9,305.45,289.25,290.85,289.5,292.2,1584223,471844943.15,09-APR-2013,27907,INE203G01019,
IGPL,EQ,23.1,23.15,22.55,22.65,22.65,23.95,681,15690.05,09-APR-2013,22,INE204A01010,
IIFLNIFTY,EQ,564.35,567.15,558.3,558.44,559.05,561.38,17041,9542209.61,09-APR-2013,262,INF579M01019,
IL&FSENGG,EQ,43.5,43.5,38.9,39.35,39.0,40.65,13017,523951.4,09-APR-2013,171,INE369I01014,
IL&FSTRANS,EQ,186.8,188.95,177.7,183.1,179.8,185.2,69704,12840452.4,09-APR-2013,2207,INE975G01012,
IMFA,EQ,250.0,250.0,240.0,241.6,241.0,239.85,389,95001.85,09-APR-2013,153,INE919H01018,
IMPAL,EQ,430.0,430.0,420.1,424.95,425.0,425.0,8263,3509115.95,09-APR-2013,459,INE547E01014,
IMPEXFERRO,EQ,3.3,3.85,3.3,3.8,3.8,3.35,2494,8358.4,09-APR-2013,244,INE691G01015,
INDBANK,EQ,4.95,5.0,4.7,4.75,4.7,4.85,7108,34571.1,09-APR-2013,43,INE841B01017,
INDHOTEL,EQ,55.0,55.6,53.4,54.1,53.9,55.15,654821,35743944.05,09-APR-2013,6041,INE053A01029,
INDIACEM,EQ,81.45,82.7,80.65,81.2,81.15,81.1,427840,34892375.75,09-APR-2013,4258,INE383A01012,
INDIAGLYCO,EQ,134.9,134.9,130.2,131.45,131.35,132.45,11972,1591811.9,09-APR-2013,281,INE560A01015,
INDIAINFO,EQ,57.65,59.8,57.65,58.55,58.25,59.05,63508,3737963.9,09-APR-2013,1255,INE530B01024,
INDIANB,EQ,165.2,166.5,160.1,160.95,160.6,165.1,138206,22550908.45,09-APR-2013,4353,INE562A01011,
INDIANCARD,EQ,94.5,104.6,94.5,96.6,98.95,100.0,711,70005.4,09-APR-2013,146,INE061A01014,
INDIANHUME,EQ,100.0,100.0,95.65,96.7,98.95,98.9,1737,168140.75,09-APR-2013,255,INE323C01030,
INDNIPPON,EQ,168.45,168.45,162.0,162.5,165.0,165.4,1122,183449.2,09-APR-2013,357,INE092B01017,
INDOCO,EQ,59.45,60.85,59.15,59.8,60.0,59.1,7391,442385.55,09-APR-2013,105,INE873D01024,
INDORAMA,EQ,16.0,16.45,15.95,16.05,16.05,16.05,41962,676324.25,09-APR-2013,159,INE156A01020,
INDOSOLAR,EQ,2.85,2.95,2.7,2.75,2.75,2.75,31754,87546.1,09-APR-2013,87,INE866K01015,
INDOTECH,EQ,78.5,82.95,75.1,77.8,75.1,78.4,2621,207141.85,09-APR-2013,94,INE332H01014,
INDOTHAI,EQ,11.55,11.55,10.5,11.4,11.4,11.25,44855,487411.1,09-APR-2013,210,INE337M01013,
INDOWIND,EQ,3.6,3.75,3.6,3.7,3.75,3.65,28286,104244.05,09-APR-2013,75,INE227G01018,
INDRAMEDCO,EQ,35.9,35.9,33.25,33.3,33.3,34.7,28149,965238.3,09-APR-2013,200,INE681B01017,
INDSWFTLAB,EQ,44.95,45.3,44.05,44.15,44.2,44.3,47386,2119271.9,09-APR-2013,313,INE915B01019,
INDSWFTLTD,EQ,8.25,8.6,7.85,8.0,8.0,8.05,1266,10282.5,09-APR-2013,17,INE788B01028,
INDUSFILA,EQ,7.95,7.95,7.95,7.95,7.95,7.95,100,795.0,09-APR-2013,1,INE025I01012,
INDUSINDBK,EQ,397.9,402.3,388.5,390.25,390.1,393.5,1325954,524548946.05,09-APR-2013,30811,INE095A01012,
INFINITE,EQ,99.0,101.5,97.5,99.2,99.0,101.15,13872,1393837.95,09-APR-2013,382,INE486J01014,
INFODRIVE,BE,8.25,8.25,7.55,8.2,8.25,7.9,68364,560149.45,09-APR-2013,235,INE804D01011,
INFOMEDIA,EQ,5.0,5.0,4.85,4.9,4.9,5.0,1690,8357.35,09-APR-2013,20,INE669A01022,
INFOTECENT,EQ,170.2,171.8,170.0,170.25,170.5,170.0,7300,1244831.25,09-APR-2013,306,INE136B01020,
INFRABEES,EQ,227.98,227.98,227.98,227.98,227.98,230.45,100,22798.0,09-APR-2013,2,INF732E01268,
INFRATEL,EQ,178.45,180.6,173.65,177.1,177.0,177.5,783067,139086220.1,09-APR-2013,2064,INE121J01017,
INFY,EQ,2833.55,2838.95,2756.25,2766.35,2770.0,2831.9,1355082,3779427300.2,09-APR-2013,54872,INE009A01021,
INGERRAND,EQ,406.75,406.75,392.3,394.25,395.0,402.95,2916,1158178.35,09-APR-2013,275,INE177A01018,
INGVYSYABK,EQ,527.0,528.8,513.0,517.8,516.75,520.6,41248,21472207.25,09-APR-2013,2566,INE166A01011,
INNOIND,EQ,103.05,105.0,103.0,103.3,103.45,105.7,1148,119196.1,09-APR-2013,79,INE549I01011,
INOXLEISUR,EQ,68.0,69.3,67.15,67.45,67.5,68.25,13816,941387.1,09-APR-2013,218,INE312H01016,
INSECTICID,EQ,408.0,408.0,397.0,399.85,400.0,404.8,7819,3172793.0,09-APR-2013,104,INE070I01018,
INVENTURE,EQ,5.0,5.0,4.75,4.85,4.9,4.95,26679,127263.5,09-APR-2013,72,INE878H01016,
IOB,EQ,65.0,65.6,63.65,63.8,63.9,64.9,1024925,66425723.4,09-APR-2013,7117,INE565A01014,
IOC,EQ,287.35,294.25,285.4,286.95,285.4,290.25,355984,103402214.6,09-APR-2013,6413,INE242A01010,
IPCALAB,EQ,505.0,514.9,501.05,506.95,502.2,504.25,212448,107713714.0,09-APR-2013,544,INE571A01020,
IPGETF,EQ,2840.0,2840.0,2816.5,2818.65,2816.55,2839.5,58,163754.65,09-APR-2013,18,INF109K01FV4,
IRB,EQ,116.9,118.25,113.6,114.45,114.4,116.15,1085276,126036529.95,09-APR-2013,15654,INE821I01014,
ISFT,EQ,47.55,48.75,47.1,47.3,48.75,47.45,625,29655.4,09-APR-2013,21,INE566K01011,
ISMTLTD,EQ,10.8,11.3,10.8,11.05,11.0,10.95,62041,686173.55,09-APR-2013,252,INE732F01019,
ITC,EQ,293.25,295.45,285.95,287.2,287.65,292.85,6210128,1796840947.4,09-APR-2013,51380,INE154A01025,
ITDCEM,EQ,176.55,179.55,176.25,177.0,177.0,177.1,1531,271136.55,09-APR-2013,34,INE686A01018,
ITI,EQ,17.0,17.25,16.6,16.8,17.0,16.75,46775,794870.1,09-APR-2013,275,INE248A01017,
IVC,EQ,19.95,20.0,19.7,19.75,19.8,19.9,32760,650425.9,09-APR-2013,96,INE050B01023,
IVRCLINFRA,EQ,20.05,20.45,19.25,19.4,19.35,19.85,9402396,186973346.2,09-APR-2013,17734,INE875A01025,
J&KBANK,EQ,1144.3,1147.2,1092.1,1103.4,1095.0,1142.3,38816,43570340.15,09-APR-2013,4333,INE168A01017,
JAGRAN,EQ,96.75,96.75,92.7,93.85,93.55,96.4,9047,855204.9,09-APR-2013,424,INE199G01027,
JAGSNPHARM,EQ,10.55,10.55,10.2,10.25,10.5,10.7,2269,23732.7,09-APR-2013,35,INE048B01027,
JAIBALAJI,EQ,26.65,28.0,26.55,27.7,27.7,27.4,27764,769885.0,09-APR-2013,55,INE091G01018,
JAICORPLTD,EQ,58.5,59.85,55.7,56.15,56.4,58.15,1230257,71560661.25,09-APR-2013,10865,INE070D01027,
JAYAGROGN,EQ,91.5,91.5,90.35,91.15,91.5,90.15,132,12058.5,09-APR-2013,43,INE785A01026,
JAYBARMARU,EQ,45.5,47.5,45.1,47.5,47.5,46.3,1537,71951.9,09-APR-2013,24,INE571B01028,
JAYNECOIND,EQ,9.75,9.8,9.45,9.55,9.55,9.5,34772,333447.8,09-APR-2013,145,INE854B01010,
JAYSREETEA,EQ,94.0,100.45,94.0,99.7,100.25,95.95,90219,8875583.15,09-APR-2013,1427,INE364A01020,
JBCHEPHARM,EQ,81.25,82.0,81.25,81.5,81.6,81.5,10968,894295.7,09-APR-2013,152,INE572A01028,
JBFIND,EQ,104.35,105.0,103.15,103.85,103.15,103.7,131540,13646411.4,09-APR-2013,1868,INE187A01017,
JCTEL,EQ,0.45,0.45,0.4,0.4,0.4,0.45,3156,1362.4,09-APR-2013,3,INE264B01020,
JENSONICOL,EQ,2.9,3.05,2.9,2.9,2.9,3.0,13459,39803.9,09-APR-2013,22,INE819B01021,
JETAIRWAYS,EQ,506.95,519.25,490.5,497.6,496.5,502.4,2086523,1049568840.6,09-APR-2013,54689,INE802G01018,
JHS,EQ,14.25,14.35,13.6,14.2,13.7,14.15,28501,403802.95,09-APR-2013,150,INE544H01014,
JIKIND,EQ,1.0,1.0,1.0,1.0,1.0,1.05,2418,2418.0,09-APR-2013,12,INE026B01049,
JINDALPHOT,EQ,107.6,111.9,105.2,105.8,106.4,105.75,25806,2778720.35,09-APR-2013,723,INE796G01012,
JINDALPOLY,EQ,152.1,154.7,149.45,150.25,150.9,150.7,34385,5233115.7,09-APR-2013,896,INE197D01010,
JINDALSAW,EQ,84.5,86.0,80.05,80.75,81.15,83.45,92327,7569962.75,09-APR-2013,1127,INE324A01024,
JINDALSTEL,EQ,332.25,343.3,331.15,332.65,332.0,330.6,2824186,955694698.35,09-APR-2013,45026,INE749A01030,
JINDALSWHL,EQ,481.1,489.0,462.0,464.05,462.9,477.45,68062,32536615.55,09-APR-2013,3023,INE824G01012,
JINDCOT,EQ,14.8,15.5,14.8,15.3,15.5,14.8,32039,488170.7,09-APR-2013,115,INE904J01016,
JINDRILL,EQ,207.2,211.9,207.0,207.65,207.0,206.55,1231,257579.35,09-APR-2013,130,INE742C01031,
JINDWORLD,EQ,93.45,93.5,90.15,92.45,93.45,91.15,524,48322.35,09-APR-2013,35,INE247D01013,
JISLDVREQS,EQ,28.25,28.7,27.45,27.85,28.55,28.15,30679,860733.6,09-APR-2013,459,IN9175A01010,
JISLJALEQS,EQ,57.25,57.9,55.5,55.85,55.95,57.15,2807613,159041718.85,09-APR-2013,18595,INE175A01038,
JKCEMENT,EQ,264.6,264.6,250.0,251.0,252.0,259.2,35179,8954586.0,09-APR-2013,2196,INE823G01014,
JKIL,EQ,203.8,203.8,193.3,195.9,196.0,199.25,592,115734.35,09-APR-2013,55,INE576I01014,
JKLAKSHMI,EQ,93.0,96.9,89.35,90.8,89.95,91.7,316216,29128611.7,09-APR-2013,6032,INE786A01032,
JKPAPER,EQ,27.8,28.95,27.8,28.1,28.0,28.0,25183,715147.25,09-APR-2013,192,INE789E01012,
JKTYRE,EQ,98.0,99.0,97.0,97.05,97.45,98.45,14110,1381841.0,09-APR-2013,362,INE573A01034,
JMCPROJECT,EQ,76.6,78.9,74.5,75.1,75.0,76.85,2167,164750.35,09-APR-2013,52,INE890A01016,
JMFINANCIL,EQ,16.8,16.95,15.9,16.05,16.1,16.45,414468,6838351.45,09-APR-2013,1274,INE780C01023,
JMTAUTOLTD,BE,94.1,100.0,94.1,94.1,94.1,99.05,12090,1165197.5,09-APR-2013,71,INE988E01010,
JPASSOCIAT,EQ,65.4,66.4,63.65,64.05,64.15,64.65,13495361,878933944.55,09-APR-2013,46227,INE455F01025,
JPINFRATEC,EQ,38.5,39.2,38.05,38.2,38.1,38.4,70183,2707586.6,09-APR-2013,590,INE099J01015,
JPPOWER,EQ,24.8,25.15,23.85,24.05,24.0,24.6,2477161,61131543.25,09-APR-2013,6970,INE351F01018,
JSL,EQ,48.35,49.35,46.65,46.9,47.0,47.6,73853,3554018.45,09-APR-2013,913,INE220G01021,
JSWENERGY,EQ,56.5,57.6,54.75,55.25,55.3,55.7,614739,34697323.9,09-APR-2013,4734,INE121E01018,
JSWISPAT,EQ,8.9,9.05,8.6,8.65,8.6,8.75,4148645,36567407.05,09-APR-2013,1330,INE136A01022,
JSWSTEEL,EQ,680.1,689.5,660.15,662.6,662.0,671.5,1054421,712178033.3,09-APR-2013,26279,INE019A01020,
JUBILANT,EQ,180.3,180.3,173.85,174.1,174.5,180.3,23235,4134449.35,09-APR-2013,666,INE700A01033,
JUBLFOOD,EQ,1135.0,1142.0,1102.0,1109.4,1106.2,1123.45,221105,248294680.3,09-APR-2013,15030,INE797F01012,
JUBLINDS,EQ,101.0,105.7,100.95,101.3,101.05,102.35,1248,127712.75,09-APR-2013,70,INE645L01011,
JUNIORBEES,EQ,112.58,113.4,111.2,111.48,111.4,111.32,12566,1409509.39,09-APR-2013,255,INF732E01045,
JVLAGRO,EQ,11.45,12.25,11.3,12.05,12.0,11.7,6797,79914.35,09-APR-2013,77,INE430G01026,
JYOTHYLAB,EQ,162.6,166.4,158.5,160.0,160.45,164.55,267843,42997697.95,09-APR-2013,5084,INE668F01031,
JYOTISTRUC,EQ,31.85,31.9,30.75,31.0,31.0,31.15,28852,903767.25,09-APR-2013,294,INE197A01024,
KABRAEXTRU,EQ,28.35,29.0,28.3,29.0,28.3,27.95,4315,125042.25,09-APR-2013,84,INE900B01029,
KAJARIACER,EQ,193.0,193.0,184.05,184.85,185.0,189.95,66565,12533977.6,09-APR-2013,534,INE217B01028,
KALINDEE,EQ,51.05,51.5,50.0,50.2,50.0,50.65,32156,1629040.0,09-APR-2013,960,INE178D01010,
KALPATPOWR,EQ,76.85,77.9,75.05,75.85,75.85,76.85,13726,1049718.0,09-APR-2013,453,INE220B01022,
KAMATHOTEL,EQ,77.0,77.0,73.3,74.4,74.0,76.4,527,39718.25,09-APR-2013,121,INE967C01018,
KANANIIND,EQ,18.05,18.5,17.8,18.05,17.8,18.7,10012,180416.75,09-APR-2013,35,INE879E01037,
KANORICHEM,EQ,35.35,35.4,30.2,31.3,30.2,31.0,1135,36271.8,09-APR-2013,57,INE138C01024,
KANSAINER,EQ,1110.0,1188.0,1110.0,1165.3,1169.95,1166.0,2748,3212431.8,09-APR-2013,273,INE531A01016,
KARURVYSYA,EQ,454.4,454.4,446.0,446.6,446.0,448.0,37113,16656126.25,09-APR-2013,1234,INE036D01010,
KAVVERITEL,EQ,66.25,66.25,57.6,61.55,63.0,67.15,17477,1068481.15,09-APR-2013,331,INE641C01019,
KBIL,EQ,1205.0,1205.0,1205.0,1205.0,1205.0,1205.0,253,304865.0,09-APR-2013,5,INE920K01010,
KCP,EQ,29.3,29.8,28.2,29.15,29.0,29.15,32984,958853.6,09-APR-2013,247,INE805C01028,
KCPSUGIND,EQ,20.0,20.0,18.75,18.95,18.95,19.6,19722,380156.35,09-APR-2013,138,INE790B01024,
KEC,EQ,54.05,56.0,52.6,53.15,53.0,54.95,43611,2364640.6,09-APR-2013,674,INE389H01022,
KECL,EQ,17.95,18.5,17.95,18.4,18.5,18.45,4483,81168.25,09-APR-2013,19,INE134B01017,
KEI,EQ,10.95,11.15,10.75,10.85,10.75,10.75,13103,142713.5,09-APR-2013,75,INE878B01027,
KEMROCK,EQ,52.8,55.9,52.0,52.05,52.0,54.7,6982,370268.85,09-APR-2013,199,INE990B01012,
KERNEX,EQ,33.4,34.3,33.35,33.55,33.4,33.8,14301,483487.85,09-APR-2013,189,INE202H01019,
KESORAMIND,EQ,80.9,84.4,79.5,80.1,79.5,80.75,10869,877031.15,09-APR-2013,562,INE087A01019,
KFA,EQ,7.8,8.15,7.45,7.7,7.65,7.8,8287557,64163285.35,09-APR-2013,11144,INE438H01019,
KGL,EQ,3.2,3.4,3.15,3.3,3.25,3.1,2005305,6538170.25,09-APR-2013,1206,INE299C01024,
KHAITANELE,EQ,80.0,80.0,80.0,80.0,80.0,76.65,100,8000.0,09-APR-2013,1,INE761A01019,
KICL,EQ,270.25,309.0,270.25,286.85,285.0,272.9,38,11075.55,09-APR-2013,19,INE029L01018,
KIL,EQ,27.65,28.0,26.55,26.85,26.6,27.9,23005,636498.05,09-APR-2013,163,INE390H01012,
KILITCH,EQ,22.25,22.65,21.05,21.55,21.6,22.15,6423,141048.6,09-APR-2013,419,INE729D01010,
KIRIINDUS,BE,9.5,9.5,9.5,9.5,9.5,9.05,4867,46236.5,09-APR-2013,26,INE415I01015,
KIRLOSBROS,EQ,150.9,153.9,141.85,151.3,153.0,150.5,6030,897235.0,09-APR-2013,243,INE732A01036,
KIRLOSENG,EQ,178.7,180.2,175.25,177.45,178.1,178.7,835,148949.35,09-APR-2013,50,INE146L01010,
KIRLOSIND,EQ,365.0,365.0,364.95,365.0,365.0,365.0,91,33214.75,09-APR-2013,17,INE250A01039,
KITEX,EQ,55.8,56.0,54.2,55.9,56.0,55.7,9354,517895.35,09-APR-2013,66,INE602G01020,
KKCL,EQ,728.0,728.0,696.25,710.9,696.5,715.5,2382,1684367.8,09-APR-2013,612,INE401H01017,
KMSUGAR,EQ,1.55,1.65,1.55,1.55,1.6,1.65,22681,35535.15,09-APR-2013,33,INE157H01023,
KNRCON,EQ,82.1,84.0,78.0,81.15,78.0,82.1,1280,104837.7,09-APR-2013,45,INE634I01011,
KOHINOOR,EQ,27.95,29.7,27.45,28.1,28.1,27.25,134031,3856573.5,09-APR-2013,640,INE080B01012,
KOKUYOCMLN,EQ,33.3,33.3,32.0,32.0,32.05,32.35,4442,143357.4,09-APR-2013,84,INE760A01029,
KOLTEPATIL,EQ,90.25,91.4,86.5,86.8,86.55,89.2,77849,6935257.6,09-APR-2013,1532,INE094I01018,
KOPRAN,EQ,14.65,14.65,13.85,14.05,14.15,14.1,13084,184886.7,09-APR-2013,78,INE082A01010,
KOTAKBANK,EQ,633.0,643.65,615.0,618.75,616.0,630.1,506796,318567065.8,09-APR-2013,12443,INE237A01028,
KOTAKGOLD,EQ,2763.4,2763.4,2743.0,2749.5,2753.65,2763.4,2959,8133688.4,09-APR-2013,477,INF373I01015,
KOTAKNIFTY,EQ,572.75,578.99,568.0,568.98,569.0,573.12,668,382830.7,09-APR-2013,53,INF174K01518,
KOTAKPSUBK,EQ,303.5,310.0,297.0,297.05,303.0,301.0,9213,2781414.23,09-APR-2013,69,INF373I01023,
KOTARISUG,EQ,8.95,8.95,8.8,8.8,8.8,8.95,3000,26415.0,09-APR-2013,4,INE419A01022,
KOTHARIPET,EQ,5.65,5.65,5.65,5.65,5.65,6.8,1,5.65,09-APR-2013,1,INE720A01015,
KOTHARIPRO,EQ,338.0,347.0,336.15,347.0,347.0,340.4,130,44223.9,09-APR-2013,10,INE823A01017,
KOUTONS,EQ,5.95,6.15,5.6,5.7,5.7,5.75,42377,247795.5,09-APR-2013,398,INE406I01014,
KPIT,EQ,97.0,98.7,96.45,96.95,97.5,97.75,161327,15698997.55,09-APR-2013,4113,INE836A01035,
KPRMILL,EQ,119.5,124.25,118.0,121.7,122.0,122.4,3392,407674.25,09-APR-2013,211,INE930H01015,
KRBL,EQ,22.9,23.1,22.65,22.75,22.65,22.95,105035,2406804.5,09-APR-2013,230,INE001B01026,
KSBPUMPS,EQ,206.1,208.0,203.05,205.25,205.0,207.0,1840,379268.85,09-APR-2013,58,INE999A01015,
KSCL,EQ,1248.9,1280.55,1215.0,1231.5,1234.9,1234.15,50956,63146613.0,09-APR-2013,2529,INE455I01011,
KSERASERA,EQ,9.2,10.05,9.05,10.05,10.05,9.15,637508,6342375.4,09-APR-2013,786,INE216D01018,
KSK,EQ,47.1,48.6,45.65,47.2,47.1,48.15,6154,291805.0,09-APR-2013,129,INE143H01015,
KSL,EQ,34.45,39.8,34.45,37.15,37.0,37.05,14282,546202.75,09-APR-2013,243,INE907A01026,
KSOILS,EQ,3.0,3.1,2.8,2.9,2.9,2.95,735311,2195663.65,09-APR-2013,879,INE727D01022,
KTKBANK,EQ,131.6,133.0,126.0,126.95,126.25,130.65,2524939,329249732.75,09-APR-2013,19735,INE614B01018,
KWALITY,EQ,29.4,29.85,29.2,29.45,29.2,29.15,84229,2483742.7,09-APR-2013,441,INE775B01025,
L&TFH,EQ,73.75,74.7,71.1,71.55,71.25,73.75,1015452,74173037.65,09-APR-2013,7652,INE498L01015,
LAKSHMIEFL,BE,24.0,24.25,23.5,24.0,24.0,23.9,17934,430799.7,09-APR-2013,48,INE992B01026,
LAKSHVILAS,EQ,83.0,85.45,80.15,80.75,80.2,82.45,147419,12294593.2,09-APR-2013,2054,INE694C01018,
LANCOIN,EQ,21.0,21.65,20.9,21.25,21.25,21.3,11284,238839.25,09-APR-2013,52,INE943C01027,
LAOPALA,EQ,337.0,344.5,328.5,330.15,330.95,331.75,19960,6739914.4,09-APR-2013,1432,INE059D01012,
LAXMIMACH,EQ,1886.05,1887.45,1828.95,1834.6,1830.0,1878.95,636,1180163.8,09-APR-2013,116,INE269B01029,
LCCINFOTEC,EQ,0.3,0.3,0.25,0.3,0.3,0.25,13044,3338.2,09-APR-2013,8,INE938A01021,
LGBBROSLTD,EQ,204.0,204.0,189.05,197.65,199.9,197.9,646,124965.4,09-APR-2013,101,INE337A01034,
LGBFORGE,EQ,1.4,1.6,1.3,1.3,1.3,1.5,22096,31799.0,09-APR-2013,19,INE201J01017,
LIBERTSHOE,EQ,89.0,90.9,86.05,86.5,86.2,88.4,55074,4855236.5,09-APR-2013,1041,INE557B01019,
LICHSGFIN,EQ,221.55,224.15,215.75,216.85,215.95,220.65,1785747,393986897.1,09-APR-2013,28394,INE115A01026,
LIQUIDBEES,EQ,1000.0,1000.01,999.99,1000.0,1000.01,999.99,72968,72968081.37,09-APR-2013,849,INF732E01037,
LITL,EQ,10.5,10.8,10.4,10.5,10.55,10.55,3701302,39306327.25,09-APR-2013,20679,INE785C01048,
LLOYDELENG,EQ,41.1,42.0,40.1,40.25,40.1,41.5,8536,348574.75,09-APR-2013,179,INE245C01019,
LLOYDFIN,EQ,0.8,0.8,0.7,0.8,0.8,0.75,2355,1879.0,09-APR-2013,36,INE174A01015,
LLOYDSTEEL,EQ,10.5,10.5,9.5,9.6,9.6,10.05,54356,539005.85,09-APR-2013,225,INE292A01015,
LML,EQ,5.8,5.8,5.25,5.4,5.45,5.6,57140,318353.9,09-APR-2013,305,INE862A01015,
LOGIXMICRO,EQ,10.15,10.35,9.95,10.25,10.25,9.9,2351,24001.95,09-APR-2013,15,INE848A01014,
LOKESHMACH,EQ,22.6,22.6,22.6,22.6,22.6,22.6,175,3955.0,09-APR-2013,2,INE397H01017,
LOTUSEYE,EQ,7.3,7.3,6.8,6.95,6.8,7.55,3891,27266.85,09-APR-2013,56,INE947I01017,
LOVABLE,EQ,271.55,277.95,266.0,267.15,268.0,269.0,91644,24944931.1,09-APR-2013,3216,INE597L01014,
LPDC,EQ,2.25,2.5,2.25,2.5,2.5,2.45,280,680.0,09-APR-2013,4,INE197J01017,
LT,EQ,1335.0,1364.45,1313.0,1320.3,1320.2,1325.65,1658276,2220099496.75,09-APR-2013,79587,INE018A01030,
LUMAXIND,EQ,349.0,354.5,343.35,351.15,353.6,352.4,325,113885.2,09-APR-2013,50,INE162B01018,
LUMAXTECH,EQ,136.0,137.0,132.45,136.7,132.45,135.3,791,108116.55,09-APR-2013,46,INE872H01019,
LUPIN,EQ,619.2,624.95,605.5,610.35,612.0,619.45,523408,321973281.6,09-APR-2013,35306,INE326A01037,
LYKALABS,EQ,9.0,9.45,9.0,9.2,9.35,9.05,1901,17471.8,09-APR-2013,66,INE933A01014,
M&M,EQ,844.0,851.85,835.0,839.3,838.1,839.95,781849,657861778.3,09-APR-2013,24998,INE101A01026,
M&MFIN,EQ,208.2,210.95,207.0,209.45,209.55,208.35,803520,168447511.1,09-APR-2013,22857,INE774D01024,
M100,EQ,7.61,7.63,7.4,7.43,7.4,7.48,51902,389465.47,09-APR-2013,53,INF247L01023,
M50,EQ,73.0,73.6,71.65,71.78,71.65,72.93,8120,589325.85,09-APR-2013,85,INF247L01015,
MADHUCON,EQ,24.0,24.5,22.8,23.1,23.0,24.05,9620,227922.05,09-APR-2013,162,INE378D01032,
MADRASCEM,EQ,236.5,238.6,231.0,233.9,234.0,236.35,124788,29415050.85,09-APR-2013,624,INE331A01037,
MADRASFERT,EQ,12.7,13.0,11.8,11.85,11.85,12.8,39287,476399.0,09-APR-2013,127,INE414A01015,
MAGMA,EQ,80.0,83.35,78.3,78.85,78.5,78.55,36024,2892584.6,09-APR-2013,713,INE511C01022,
MAHABANK,EQ,49.35,49.35,47.0,47.15,47.0,48.05,86560,4135435.3,09-APR-2013,787,INE457A01014,
MAHINDFORG,EQ,36.3,36.85,35.75,35.9,35.75,36.45,7930,287083.25,09-APR-2013,93,INE536H01010,
MAHINDUGIN,EQ,49.25,49.65,48.15,48.5,48.15,48.75,4500,220460.8,09-APR-2013,185,INE850A01010,
MAHLIFE,EQ,386.15,388.25,380.0,380.55,380.0,386.5,1996,763059.9,09-APR-2013,159,INE813A01018,
MAHSCOOTER,EQ,365.0,373.0,354.0,355.7,355.0,363.3,519,185910.25,09-APR-2013,50,INE288A01013,
MAHSEAMLES,EQ,222.35,244.0,222.35,231.2,225.9,214.6,1405504,331295985.85,09-APR-2013,33300,INE271B01025,
MANAKSIA,EQ,40.1,41.75,39.5,39.65,39.6,40.25,1405,56246.2,09-APR-2013,45,INE015D01022,
MANALIPETC,EQ,8.45,8.65,8.3,8.35,8.3,8.4,83117,705088.6,09-APR-2013,208,INE201A01024,
MANAPPURAM,EQ,19.95,20.3,19.7,19.95,20.0,19.6,8511163,170249798.7,09-APR-2013,13696,INE522D01027,
MANDHANA,EQ,245.0,245.4,242.0,242.0,242.0,242.8,11301,2738800.85,09-APR-2013,90,INE087J01010,
MANGCHEFER,EQ,41.5,42.75,41.1,41.25,41.25,41.1,229255,9595305.4,09-APR-2013,1490,INE558B01017,
MANGLMCEM,EQ,133.5,134.5,126.0,126.4,128.2,130.3,13574,1753966.8,09-APR-2013,509,INE347A01017,
MANINDS,EQ,105.2,106.0,102.05,103.15,102.5,106.3,10375,1075758.5,09-APR-2013,584,INE993A01026,
MANINFRA,EQ,160.0,160.0,149.9,151.5,154.0,153.5,1677,257414.55,09-APR-2013,138,INE949H01015,
MANJUSHREE,EQ,97.0,97.0,95.0,95.1,95.0,95.3,2337,224145.05,09-APR-2013,37,INE435H01015,
MANUGRAPH,EQ,33.0,34.3,31.85,33.5,33.5,34.3,3175,106544.75,09-APR-2013,40,INE867A01022,
MARALOVER,EQ,10.6,11.45,10.15,11.1,11.25,10.4,2046,22198.15,09-APR-2013,54,INE882A01013,
MARG,EQ,25.2,25.2,24.0,24.35,24.1,24.0,25602,626853.2,09-APR-2013,288,INE941E01019,
MARICO,EQ,219.05,221.1,217.6,219.1,219.0,220.3,36267,7965576.15,09-APR-2013,1167,INE196A01026,
MARKSANS,BE,3.95,3.95,3.8,3.85,3.85,3.95,72577,281408.5,09-APR-2013,81,INE750C01026,
MARUTI,EQ,1426.0,1442.0,1401.0,1407.4,1411.0,1420.15,682014,971570235.3,09-APR-2013,27581,INE585B01010,
MASTEK,EQ,118.5,121.85,118.5,120.5,120.3,118.85,2192,263266.05,09-APR-2013,121,INE759A01021,
MAWANASUG,EQ,10.75,10.85,10.35,10.4,10.4,10.95,5096,53735.05,09-APR-2013,23,INE636A01039,
MAX,EQ,216.05,219.0,212.4,215.45,218.9,216.7,116353,25114311.8,09-APR-2013,5809,INE180A01020,
MAXWELL,EQ,15.75,15.75,15.0,15.1,15.15,15.3,14925,227640.55,09-APR-2013,109,INE450G01024,
MAYURUNIQ,EQ,414.95,414.95,405.0,405.5,405.0,409.05,3807,1544488.1,09-APR-2013,119,INE040D01012,
MBECL,EQ,73.5,73.5,69.0,69.15,69.0,70.25,10096,703790.15,09-APR-2013,177,INE748A01016,
MBLINFRA,EQ,142.2,142.95,140.1,140.75,140.1,142.25,4509,638867.6,09-APR-2013,285,INE912H01013,
MBSWITCH,EQ,21.5,22.6,21.5,22.35,22.4,21.7,485849,10878193.4,09-APR-2013,176,INE899L01022,
MCDHOLDING,EQ,36.6,37.5,35.0,35.5,36.0,36.45,25319,918384.75,09-APR-2013,665,INE836H01014,
MCDOWELL-N,EQ,1806.0,1823.5,1768.1,1791.65,1800.9,1797.05,1405640,2529762291.6,09-APR-2013,95387,INE854D01016,
MCLEODRUSS,EQ,346.9,346.9,332.55,333.5,332.6,343.45,150032,50467553.1,09-APR-2013,6765,INE942G01012,
MCX,EQ,896.0,919.0,881.0,888.95,888.0,893.6,106587,96205592.85,09-APR-2013,6801,INE745G01035,
MEGASOFT,EQ,7.4,7.75,7.2,7.25,7.25,7.5,13591,98848.45,09-APR-2013,38,INE933B01012,
MEGH,EQ,5.85,6.05,5.85,5.95,5.95,5.95,6831,40769.0,09-APR-2013,38,INE974H01013,
MERCATOR,EQ,14.0,14.35,13.65,13.8,13.75,13.95,92837,1306805.3,09-APR-2013,550,INE934B01028,
MERCK,EQ,638.9,638.9,605.05,612.4,618.0,612.05,1818,1114235.7,09-APR-2013,140,INE199A01012,
METKORE,EQ,9.25,9.25,8.5,8.5,8.5,9.0,31830,283511.05,09-APR-2013,432,INE592I01029,
MGOLD,EQ,2950.0,2950.0,2901.25,2908.0,2908.0,2928.0,275,801798.15,09-APR-2013,53,INF247L01072,
MHRIL,EQ,268.0,268.0,263.0,266.85,268.0,260.05,7130,1896894.35,09-APR-2013,281,INE998I01010,
MIC,EQ,3.95,3.95,3.7,3.7,3.8,3.85,109277,412526.55,09-APR-2013,203,INE287C01029,
MICROSEC,EQ,32.05,32.2,30.95,31.2,31.2,32.15,8601,272332.95,09-APR-2013,34,INE019J01013,
MICROTECH,EQ,27.2,28.5,26.55,28.1,27.8,27.7,33777,947794.95,09-APR-2013,176,INE358B01012,
MINDAIND,EQ,159.95,159.95,148.35,150.0,150.0,159.7,22,3403.75,09-APR-2013,22,INE405E01015,
MINDTREE,EQ,880.0,882.45,850.35,858.9,858.0,873.8,24790,21356012.1,09-APR-2013,1446,INE018I01017,
MIRCELECTR,EQ,7.0,7.25,6.8,6.85,6.85,6.95,33433,234875.1,09-APR-2013,114,INE831A01028,
MIRZAINT,EQ,21.25,21.25,20.5,20.6,20.75,21.25,74594,1554693.65,09-APR-2013,524,INE771A01026,
MMFL,EQ,70.7,72.4,70.65,70.65,70.65,71.5,556,39298.5,09-APR-2013,15,INE227C01017,
MMFSL,EQ,109.5,116.55,109.5,113.0,113.0,111.0,81636,8940197.0,09-APR-2013,4,INE180C01018,
MMTC,EQ,232.0,237.6,224.5,226.25,227.0,231.75,170522,39537681.85,09-APR-2013,6706,INE123F01029,
MOHITIND,EQ,37.1,38.5,36.1,36.7,36.15,37.5,2688,98979.95,09-APR-2013,41,INE954E01012,
MOIL,EQ,228.0,229.5,224.0,225.05,227.8,227.45,16561,3762077.45,09-APR-2013,765,INE490G01020,
MONNETISPA,EQ,211.0,211.0,207.0,207.05,207.0,210.7,3629,761844.8,09-APR-2013,311,INE743C01013,
MONSANTO,EQ,586.95,590.0,578.95,580.75,578.95,583.0,510,297805.9,09-APR-2013,60,INE274B01011,
MORARJEE,EQ,12.5,12.5,12.5,12.5,12.5,12.0,2,25.0,09-APR-2013,2,INE161G01027,
MOREPENLAB,EQ,2.85,2.9,2.75,2.8,2.85,2.8,50992,144749.1,09-APR-2013,109,INE083A01026,
MOSERBAER,EQ,5.0,5.2,4.9,4.95,4.9,5.0,359959,1822949.5,09-APR-2013,605,INE739A01015,
MOTHERSUMI,EQ,190.0,191.9,178.3,180.05,179.45,190.05,229778,41882581.5,09-APR-2013,4980,INE775A01035,
MOTILALOFS,EQ,79.5,79.5,78.0,78.15,78.05,78.9,728,57307.3,09-APR-2013,37,INE338I01027,
MPHASIS,EQ,377.0,382.5,370.0,372.85,370.15,375.05,19569,7338329.5,09-APR-2013,1330,INE356A01018,
MPSLTD,EQ,122.6,124.95,120.6,122.0,122.0,121.9,2474,304315.95,09-APR-2013,103,INE943D01017,
MRF,EQ,11855.0,12116.35,11485.0,11547.35,11600.0,11827.8,8057,94766906.0,09-APR-2013,2406,INE883A01011,
MRO-TEK,EQ,7.5,8.2,7.5,7.75,7.9,7.5,16036,125083.3,09-APR-2013,112,INE398B01018,
MRPL,EQ,50.9,50.9,49.15,49.35,49.4,49.8,77216,3843048.3,09-APR-2013,652,INE103A01014,
MSPL,EQ,20.0,20.3,18.55,19.1,19.25,19.7,26787,517760.45,09-APR-2013,285,INE752G01015,
MTEDUCARE,EQ,84.05,84.05,80.95,82.85,82.65,82.55,68541,5645221.95,09-APR-2013,1374,INE472M01018,
MTNL,EQ,22.0,22.1,20.55,20.65,20.9,21.95,701887,14943875.6,09-APR-2013,4326,INE153A01019,
MUKANDENGG,EQ,25.8,26.95,25.25,25.8,25.85,26.45,1140,29215.4,09-APR-2013,47,INE022B01014,
MUKANDLTD,EQ,26.7,27.45,26.65,26.9,26.9,26.5,1530,41289.3,09-APR-2013,47,INE304A01026,
MUKTAARTS,EQ,30.0,30.9,30.0,30.2,30.9,30.55,589,17779.65,09-APR-2013,109,INE374B01019,
MUNJALAU,EQ,28.0,28.2,27.7,27.9,27.7,27.5,12834,359455.9,09-APR-2013,53,INE672B01032,
MUNJALSHOW,EQ,57.7,58.35,57.0,57.1,57.1,57.2,2918,167601.1,09-APR-2013,184,INE577A01027,
MURLIIND,EQ,9.0,9.0,9.0,9.0,9.0,8.7,200,1800.0,09-APR-2013,1,INE806B01028,
MURUDCERA,EQ,16.0,18.45,16.0,16.3,16.25,16.15,5914,101613.15,09-APR-2013,61,INE692B01014,
MUTHOOTFIN,EQ,164.95,168.5,159.1,160.75,159.25,164.65,824148,135405254.8,09-APR-2013,11936,INE414G01012,
MVL,EQ,1.75,1.9,1.7,1.9,1.9,1.8,79539,144196.4,09-APR-2013,74,INE744I01034,
MYSOREBANK,EQ,569.95,570.0,543.1,547.0,543.1,549.15,915,507446.4,09-APR-2013,67,INE651A01020,
N100,EQ,150.75,150.75,147.3,148.23,148.0,148.09,1186,175176.5,09-APR-2013,31,INF247L01031,
NAGAROIL,EQ,4.55,4.75,4.1,4.15,4.15,4.55,402137,1748095.75,09-APR-2013,637,INE453M01018,
NAGREEKEXP,EQ,17.0,17.0,17.0,17.0,17.0,17.0,100,1700.0,09-APR-2013,1,INE123B01028,
NAHARSPING,EQ,73.5,74.85,69.2,69.75,69.2,74.05,9014,637640.9,09-APR-2013,169,INE290A01027,
NAKODA,EQ,13.9,14.15,13.45,13.7,13.5,14.35,26511,363713.25,09-APR-2013,96,INE559B01023,
NANDANEXIM,EQ,25.25,26.25,24.9,25.5,25.0,25.5,9680,244132.0,09-APR-2013,42,INE875G01030,
NATCOPHARM,EQ,438.05,454.4,438.05,444.65,444.95,441.6,33429,14998896.3,09-APR-2013,1722,INE987B01018,
NATIONALUM,EQ,34.15,34.7,33.15,33.3,33.15,33.85,334190,11264895.9,09-APR-2013,1947,INE139A01034,
NATNLSTEEL,EQ,13.2,13.8,13.2,13.25,13.35,13.3,7524,100660.15,09-APR-2013,62,INE088B01015,
NAUKRI,EQ,354.1,359.95,352.05,353.4,352.35,351.8,4135,1462927.9,09-APR-2013,566,INE663F01024,
NAVINFLUOR,EQ,235.0,237.6,225.1,227.0,226.1,233.85,2065,477536.6,09-APR-2013,222,INE048G01018,
NAVNETPUBL,EQ,59.4,59.75,58.0,58.3,58.35,59.3,31165,1834657.25,09-APR-2013,319,INE060A01024,
NBCC,EQ,131.45,133.9,123.15,125.15,126.75,130.25,41075,5277034.95,09-APR-2013,828,INE095N01015,
NBVENTURES,EQ,169.05,169.15,167.0,167.05,167.75,169.7,1478,248423.55,09-APR-2013,499,INE725A01022,
NCC,EQ,31.45,31.55,29.85,30.15,30.25,30.9,1057749,32550056.95,09-APR-2013,5819,INE868B01028,
NCLIND,EQ,28.0,28.3,28.0,28.0,28.0,28.0,444,12442.65,09-APR-2013,10,INE732C01016,
NCOPPER,EQ,4.0,4.15,3.95,4.0,4.0,4.15,890,3552.0,09-APR-2013,10,INE846H01039,
NDTV,EQ,60.1,61.0,58.4,59.0,59.4,60.05,24312,1448840.2,09-APR-2013,216,INE155G01029,
NECLIFE,EQ,14.7,14.7,13.9,13.95,13.95,14.3,24456,347665.5,09-APR-2013,248,INE023H01027,
NEHAINT,EQ,7.2,7.85,7.2,7.65,7.5,7.55,1297,9766.35,09-APR-2013,28,INE874D01022,
NELCAST,EQ,19.3,19.5,18.8,19.1,19.0,19.05,4091,78416.75,09-APR-2013,40,INE189I01024,
NELCO,EQ,41.6,41.6,39.2,39.75,39.55,40.1,16621,667064.7,09-APR-2013,278,INE045B01015,
NEOCORP,EQ,21.5,21.5,19.0,20.05,20.05,20.7,23553,493190.3,09-APR-2013,86,INE851C01014,
NEPCMICON,EQ,2.1,2.1,1.8,2.05,2.1,1.95,29458,59873.8,09-APR-2013,133,INE588A01016,
NESCO,EQ,786.0,786.0,768.1,770.1,770.1,774.8,2300,1784991.3,09-APR-2013,367,INE317F01027,
NESTLEIND,EQ,4515.0,4515.0,4440.0,4460.1,4455.0,4452.85,5571,24891089.35,09-APR-2013,1842,INE239A01016,
NET4,EQ,81.8,85.0,64.05,70.05,65.1,77.3,18777,1420270.65,09-APR-2013,387,INE553E01012,
NETWORK18,EQ,30.35,30.8,28.7,29.05,29.05,29.4,122345,3579583.75,09-APR-2013,508,INE870H01013,
NEULANDLAB,EQ,101.0,103.0,99.5,100.3,99.5,100.45,812,81929.3,09-APR-2013,27,INE794A01010,
NEYVELILIG,EQ,67.95,69.8,67.3,67.8,67.3,68.0,38147,2627062.9,09-APR-2013,649,INE589A01014,
NFL,EQ,47.25,48.3,46.0,46.4,46.5,46.8,23344,1107703.15,09-APR-2013,480,INE870D01012,
NHPC,EQ,22.05,22.35,21.75,22.0,21.75,22.0,18465853,406508115.4,09-APR-2013,13248,INE848E01016,
NICCO,EQ,0.55,0.65,0.55,0.65,0.65,0.6,2004,1286.1,09-APR-2013,5,INE241C01026,
NIFETF,EQ,56.83,56.83,56.83,56.83,56.83,56.97,10,568.3,09-APR-2013,1,INF109K012R6,
NIFTYBEES,EQ,559.0,562.0,553.0,554.34,556.5,558.29,32021,17868773.92,09-APR-2013,1319,INF732E01011,
NIITLTD,EQ,23.55,25.45,23.35,24.0,24.0,23.55,461742,11372962.3,09-APR-2013,2613,INE161A01038,
NIITTECH,EQ,282.2,303.9,280.5,283.5,281.5,281.8,741799,218447795.75,09-APR-2013,18373,INE591G01017,
NILKAMAL,EQ,177.0,178.95,176.0,176.35,176.0,176.65,2073,365823.55,09-APR-2013,27,INE310A01015,
NIPPOBATRY,EQ,235.65,239.95,235.6,236.15,235.6,233.55,241,57079.3,09-APR-2013,38,INE567A01010,
NITCO,EQ,13.85,14.5,13.85,13.95,13.95,13.8,41927,590611.7,09-APR-2013,1307,INE858F01012,
NITESHEST,EQ,11.8,11.95,11.4,11.55,11.5,11.7,183099,2144439.65,09-APR-2013,383,INE639K01016,
NITINFIRE,EQ,60.05,61.0,59.7,60.0,59.9,59.9,17288,1045522.25,09-APR-2013,258,INE489H01020,
NITINSPIN,EQ,9.9,10.25,8.55,10.25,10.25,10.0,15587,151937.5,09-APR-2013,109,INE229H01012,
NMDC,EQ,124.1,125.7,121.85,122.6,122.4,123.85,3200893,395071839.5,09-APR-2013,23259,INE584A01023,
NOCIL,EQ,15.5,15.5,15.05,15.1,15.15,15.3,26461,404824.85,09-APR-2013,131,INE163A01018,
NOIDATOLL,EQ,21.1,21.8,20.5,21.15,21.15,21.0,121284,2553898.55,09-APR-2013,679,INE781B01015,
NORBTEAEXP,EQ,5.1,5.1,5.1,5.1,5.1,5.1,1100,5610.0,09-APR-2013,2,INE369C01017,
NRBBEARING,EQ,32.0,32.05,31.6,31.85,32.0,32.0,26699,851489.65,09-APR-2013,68,INE349A01021,
NSIL,EQ,673.95,673.95,622.55,647.95,656.9,621.0,10,6507.4,09-APR-2013,9,INE023A01030,
NTPC,EQ,141.6,143.25,140.75,141.55,141.7,140.85,9123426,1300432655.7,09-APR-2013,51542,INE733E01010,
NUCLEUS,EQ,77.0,77.95,73.0,73.1,73.3,75.1,6765,504647.7,09-APR-2013,203,INE096B01018,
NUTEK,EQ,0.8,0.8,0.7,0.7,0.75,0.75,168138,121158.0,09-APR-2013,90,INE318J01027,
OBEROIRLTY,EQ,253.0,258.05,250.6,251.75,252.75,255.55,6511,1660840.55,09-APR-2013,426,INE093I01010,
OCL,EQ,148.95,151.85,148.95,150.45,150.0,148.9,17566,2642370.5,09-APR-2013,29,INE290B01025,
OFSS,EQ,2583.0,2652.3,2505.0,2565.7,2570.05,2622.3,30572,78900660.15,09-APR-2013,4291,INE881D01027,
OIL,EQ,534.8,537.0,528.05,529.85,534.0,535.45,171119,90724083.35,09-APR-2013,6818,INE274J01014,
OILCOUNTUB,EQ,43.5,43.5,42.1,42.6,42.65,42.4,4717,202193.6,09-APR-2013,51,INE591A01010,
OISL,EQ,23.9,24.1,23.7,23.75,23.7,24.05,1617,38806.8,09-APR-2013,12,INE196J01019,
OMAXAUTO,EQ,37.2,39.0,36.0,37.5,37.5,37.55,1066,39820.85,09-APR-2013,63,INE090B01011,
OMAXE,EQ,149.6,150.25,148.35,148.45,148.5,149.1,125117,18655254.55,09-APR-2013,1573,INE800H01010,
OMKARCHEM,EQ,113.0,113.9,111.2,112.3,113.0,111.75,34228,3837191.7,09-APR-2013,552,INE474L01016,
OMNITECH,EQ,152.0,152.0,145.15,149.9,149.25,149.2,11208,1676252.65,09-APR-2013,191,INE810H01019,
ONELIFECAP,EQ,162.0,167.85,160.0,167.85,167.85,159.9,10549,1748333.45,09-APR-2013,302,INE912L01015,
ONGC,EQ,313.55,315.9,301.1,303.8,301.9,312.85,2900615,891569940.7,09-APR-2013,84002,INE213A01029,
ONMOBILE,EQ,36.0,36.75,35.0,35.15,35.05,36.1,236928,8431228.15,09-APR-2013,887,INE809I01019,
ONWARDTEC,EQ,40.0,41.25,40.0,40.25,40.05,41.0,3117,126100.5,09-APR-2013,979,INE229A01017,
OPTOCIRCUI,EQ,59.0,64.15,59.0,60.2,60.0,58.85,6212898,385973203.35,09-APR-2013,37437,INE808B01016,
ORBITCORP,EQ,23.55,24.7,23.25,23.5,23.5,23.3,823959,19822653.8,09-APR-2013,4753,INE628H01015,
ORCHIDCHEM,EQ,63.65,66.15,62.0,62.25,62.3,63.05,688684,44378659.7,09-APR-2013,8746,INE191A01019,
ORIENTABRA,EQ,10.15,10.2,9.8,9.85,9.85,10.0,8871,88564.15,09-APR-2013,21,INE569C01020,
ORIENTBANK,EQ,246.0,247.05,233.05,234.3,233.05,242.7,1020315,245893294.2,09-APR-2013,20437,INE141A01014,
ORIENTBELL,EQ,77.0,77.0,74.0,74.2,75.9,75.15,7576,570217.4,09-APR-2013,102,INE607D01018,
ORIENTHOT,EQ,18.0,18.4,18.0,18.4,18.4,18.4,1840,33436.5,09-APR-2013,15,INE750A01020,
ORIENTPPR,EQ,7.4,7.6,7.05,7.05,7.05,7.4,372136,2669456.45,09-APR-2013,666,INE592A01026,
ORIENTREF,EQ,37.0,37.45,34.9,34.95,34.9,38.2,38393,1375435.1,09-APR-2013,253,INE743M01012,
ORISSAMINE,EQ,2648.95,2710.0,2572.05,2593.5,2600.0,2612.15,6658,17580360.6,09-APR-2013,1829,INE725E01024,
OUDHSUG,EQ,20.75,20.75,20.0,20.15,20.2,20.95,3318,67223.65,09-APR-2013,72,INE594A01014,
PAEL,EQ,8.65,9.1,8.65,9.05,9.05,8.4,837,7526.7,09-APR-2013,7,INE766A01018,
PAGEIND,EQ,3725.0,3725.0,3616.0,3690.25,3702.0,3615.9,18744,69165644.95,09-APR-2013,1627,INE761H01022,
PANACEABIO,EQ,128.4,132.4,125.1,126.5,127.5,127.4,21464,2782901.2,09-APR-2013,737,INE922B01023,
PANAMAPET,EQ,149.45,154.95,138.0,138.85,142.45,137.6,25319,3672992.7,09-APR-2013,406,INE305C01011,
PANASONIC,EQ,68.7,71.95,67.7,68.65,70.0,71.8,648,44607.35,09-APR-2013,23,INE841C01015,
PANTALOONR,EQ,158.2,159.6,149.8,151.1,151.0,156.0,4264235,657691218.2,09-APR-2013,36440,INE623B01027,
PAPERPROD,EQ,66.0,67.0,64.95,65.4,66.0,64.4,52677,3472033.9,09-APR-2013,499,INE275B01026,
PARABDRUGS,EQ,7.5,7.8,7.2,7.25,7.2,7.45,28933,216303.0,09-APR-2013,100,INE618H01016,
PARACABLES,EQ,1.5,1.7,1.5,1.55,1.55,1.55,4706,7599.3,09-APR-2013,17,INE074B01023,
PARAL,EQ,97.85,97.95,94.25,95.2,96.0,95.35,4315,411555.9,09-APR-2013,76,INE620C01013,
PARAPRINT,EQ,1.3,1.35,1.3,1.3,1.3,1.35,5462,7142.15,09-APR-2013,7,INE702L01010,
PARASPETRO,EQ,0.25,0.3,0.25,0.25,0.3,0.25,32406,8111.65,09-APR-2013,12,INE162C01024,
PARSVNATH,EQ,37.45,37.8,35.15,35.9,35.15,36.95,302905,11073812.1,09-APR-2013,1391,INE561H01026,
PATELENG,EQ,58.0,60.35,54.8,55.35,55.0,58.25,74670,4275881.1,09-APR-2013,906,INE244B01030,
PATINTLOG,EQ,17.95,17.95,16.6,16.65,16.65,17.85,2151,37058.4,09-APR-2013,24,INE529D01014,
PATSPINLTD,EQ,5.3,5.3,5.3,5.3,5.3,5.5,744,3943.2,09-APR-2013,4,INE790C01014,
PBAINFRA,EQ,17.2,17.55,15.55,16.1,15.95,17.05,10138,165675.1,09-APR-2013,67,INE160H01019,
PCJEWELLER,EQ,110.9,113.3,108.8,109.65,109.5,109.3,262754,29271433.55,09-APR-2013,4227,INE785M01013,
PDPL,EQ,109.75,110.0,106.25,106.85,106.25,108.1,3815,413699.3,09-APR-2013,32,INE904D01019,
PDUMJEPULP,EQ,10.75,10.75,10.75,10.75,10.75,11.4,319,3429.25,09-APR-2013,5,INE606A01024,
PEACOCKIND,EQ,3.0,3.0,3.0,3.0,3.0,3.0,186,558.0,09-APR-2013,1,INE600A01019,
PEL,EQ,560.25,581.25,560.25,572.9,567.1,574.2,29637,17037376.6,09-APR-2013,1376,INE140A01024,
PENIND,EQ,25.0,25.2,25.0,25.0,25.1,25.0,22320,558306.0,09-APR-2013,21,INE932A01024,
PENINLAND,EQ,45.75,46.65,43.6,43.85,44.25,44.95,116917,5251817.45,09-APR-2013,1360,INE138A01028,
PERIATEA,EQ,131.0,148.0,131.0,143.75,143.75,145.0,1038,144662.5,09-APR-2013,11,INE431F01018,
PERSISTENT,EQ,542.9,546.9,537.35,540.15,541.75,535.1,14342,7755303.05,09-APR-2013,471,INE262H01013,
PETRONENGG,EQ,77.0,78.2,75.55,77.6,77.9,75.1,270,20997.0,09-APR-2013,10,INE742A01019,
PETRONET,EQ,140.2,140.9,137.1,137.8,137.2,139.9,376273,52469123.1,09-APR-2013,3860,INE347G01014,
PFC,EQ,193.0,194.0,187.0,188.5,188.0,191.65,1593230,302888575.4,09-APR-2013,17453,INE134E01011,
PFIZER,EQ,1026.0,1049.9,1010.0,1012.6,1010.0,1025.2,2229,2278401.95,09-APR-2013,235,INE182A01018,
PFOCUS,EQ,41.75,42.85,41.2,41.3,41.2,41.8,115814,4866955.0,09-APR-2013,953,INE367G01038,
PFS,EQ,13.9,14.1,13.75,13.8,13.8,13.9,106401,1480686.0,09-APR-2013,328,INE560K01014,
PGEL,EQ,83.3,86.5,81.85,83.35,83.3,83.3,205,17082.0,09-APR-2013,7,INE457L01011,
PGHH,EQ,2478.1,2543.0,2478.1,2525.15,2530.0,2521.5,8422,21260979.75,09-APR-2013,233,INE179A01014,
PGIL,EQ,114.85,114.85,107.35,108.25,108.0,110.45,7083,779357.7,09-APR-2013,65,INE940H01014,
PHILIPCARB,EQ,67.0,68.3,66.5,66.95,66.5,67.2,5737,385268.55,09-APR-2013,116,INE602A01015,
PHOENIXLTD,EQ,251.9,253.9,248.3,250.8,249.25,251.9,23986,6041207.3,09-APR-2013,1119,INE211B01039,
PIDILITIND,EQ,260.35,261.6,252.6,253.6,254.5,258.65,50067,12851263.45,09-APR-2013,1781,INE318A01026,
PIIND,EQ,634.5,634.5,607.0,626.25,630.0,627.9,13742,8606384.85,09-APR-2013,342,INE603J01022,
PILANIINV,BE,1400.0,1400.0,1400.0,1400.0,1400.0,1353.0,2,2800.0,09-APR-2013,1,INE417C01014,
PIPAVAVDOC,EQ,75.4,75.8,74.45,74.75,74.7,74.85,2000108,149870236.3,09-APR-2013,859,INE542F01012,
PIRGLASS,EQ,79.0,82.9,78.5,79.7,80.7,79.95,5292,424656.6,09-APR-2013,432,INE748E01018,
PIRLIFE,EQ,27.85,28.45,27.15,27.85,27.85,27.1,14788,416321.95,09-APR-2013,107,INE122J01015,
PITTILAM,EQ,33.95,34.9,33.0,33.85,33.9,33.25,1710,57319.6,09-APR-2013,15,INE450D01013,
PLETHICO,EQ,222.0,222.75,213.0,222.75,222.75,212.15,44548,9688431.3,09-APR-2013,260,INE491H01018,
PNB,EQ,711.9,717.65,687.0,689.65,688.0,705.65,675658,474491351.15,09-APR-2013,20029,INE160A01014,
PNBGILTS,EQ,25.2,25.4,24.7,24.75,24.85,25.2,64653,1628937.8,09-APR-2013,180,INE859A01011,
POCHIRAJU,EQ,8.8,8.85,7.85,7.95,8.0,8.15,14309,115121.75,09-APR-2013,99,INE332G01032,
POLARIND,EQ,1.95,1.95,1.9,1.95,1.95,1.9,5549,10780.3,09-APR-2013,12,INE057B01010,
POLARIS,EQ,118.85,119.95,116.0,117.65,117.65,117.85,133031,15697243.25,09-APR-2013,3443,INE763A01023,
POLYMED,EQ,450.25,454.8,447.5,450.0,450.0,450.25,86,38603.65,09-APR-2013,10,INE205C01013,
POLYPLEX,EQ,160.3,160.35,157.35,158.2,158.5,160.5,3872,616273.9,09-APR-2013,461,INE633B01018,
PONDYOXIDE,EQ,28.3,32.15,28.0,31.9,32.0,29.3,17954,551203.45,09-APR-2013,360,INE063E01038,
PONNIERODE,EQ,299.75,299.75,299.75,299.75,299.75,285.5,50,14987.5,09-APR-2013,1,INE838E01017,
POWERGRID,EQ,104.55,106.2,102.8,103.3,102.9,104.15,1290326,134966867.1,09-APR-2013,10386,INE752E01010,
PPAP,EQ,36.0,36.7,33.75,36.7,36.7,35.65,492,17898.2,09-APR-2013,14,INE095I01015,
PRADIP,EQ,9.3,9.3,9.3,9.3,9.3,8.9,4648,43226.4,09-APR-2013,25,INE495J01015,
PRAENG,EQ,8.0,8.25,8.0,8.0,8.0,8.0,8747,70446.35,09-APR-2013,16,INE505C01016,
PRAJIND,EQ,38.5,39.4,37.4,37.9,38.15,38.35,501902,19225586.3,09-APR-2013,2672,INE074A01025,
PRAKASH,EQ,37.8,38.25,35.55,36.15,35.9,37.4,77968,2886436.75,09-APR-2013,426,INE603A01013,
PRAKASHCON,BE,4.9,4.9,4.9,4.9,4.9,5.15,3353,16429.7,09-APR-2013,7,INE023M01027,
PRAKASHSTL,EQ,94.8,98.2,93.05,94.05,95.3,93.5,11148,1074277.85,09-APR-2013,124,INE696K01016,
PRATIBHA,EQ,40.0,40.75,39.0,39.05,39.2,40.25,28011,1114743.65,09-APR-2013,789,INE308H01022,
PRECWIRE,EQ,76.95,77.0,73.4,73.8,73.4,76.15,50,3766.0,09-APR-2013,34,INE372C01011,
PREMIER,EQ,86.95,86.95,82.0,82.75,82.15,84.2,6908,582229.35,09-APR-2013,137,INE342A01018,
PRESTIGE,EQ,172.75,173.75,167.05,168.05,167.05,171.75,444478,76582563.4,09-APR-2013,3002,INE811K01011,
PRETAILDVR,EQ,128.05,128.05,122.55,126.5,126.5,127.05,3804,478149.3,09-APR-2013,89,IN9623B01058,
PRICOL,EQ,15.5,15.6,14.65,15.45,15.5,15.35,20559,315195.9,09-APR-2013,162,INE605A01026,
PRIMESECU,EQ,5.1,5.1,4.75,4.9,5.05,5.0,3860,18757.0,09-APR-2013,27,INE032B01021,
PRISMCEM,EQ,41.55,42.5,41.5,41.55,41.5,41.45,29330,1226658.7,09-APR-2013,252,INE010A01011,
PROVOGE,EQ,9.8,10.0,9.05,9.8,9.8,9.75,90040,881989.2,09-APR-2013,188,INE968G01033,
PROZONECSC,EQ,27.5,27.5,25.7,27.0,26.7,26.8,40157,1082163.75,09-APR-2013,508,INE195N01013,
PSB,EQ,58.6,59.45,57.8,58.1,58.05,58.6,45794,2691973.05,09-APR-2013,488,INE608A01012,
PSL,EQ,33.6,33.75,32.25,32.5,32.3,33.25,25498,842566.5,09-APR-2013,324,INE474B01017,
PSUBNKBEES,EQ,318.69,318.69,296.5,302.67,300.0,312.32,642,196741.1,09-APR-2013,83,INF732E01110,
PTC,EQ,60.55,61.95,60.55,60.95,60.9,60.55,397224,24328698.0,09-APR-2013,3414,INE877F01012,
PTL,EQ,21.0,21.0,19.3,20.2,20.2,21.0,15410,317451.15,09-APR-2013,275,INE034D01031,
PUNJABCHEM,EQ,50.0,50.0,45.5,45.7,46.0,47.1,651,30585.55,09-APR-2013,33,INE277B01014,
PUNJLLOYD,EQ,52.0,53.9,50.7,51.05,51.05,51.65,4432932,232497735.25,09-APR-2013,16021,INE701B01021,
PURVA,EQ,89.75,91.95,89.5,90.05,90.1,90.05,147195,13270046.05,09-APR-2013,1067,INE323I01011,
PVP,EQ,5.8,6.0,5.6,5.6,5.6,5.95,12464,71275.3,09-APR-2013,38,INE362A01016,
PVR,EQ,292.95,301.5,283.0,284.55,284.5,293.55,67014,19770918.5,09-APR-2013,2094,INE191H01014,
QGOLDHALF,EQ,1400.0,1400.0,1380.25,1384.95,1381.3,1399.45,833,1155450.1,09-APR-2013,177,INF082J01010,
QNIFTY,EQ,572.5,572.5,568.7,569.36,570.9,571.15,53,30207.7,09-APR-2013,4,INF082J01028,
QUINTEGRA,EQ,1.0,1.0,0.95,1.0,1.0,0.95,49100,48665.0,09-APR-2013,21,INE033B01011,
RADAAN,EQ,1.55,1.55,1.4,1.55,1.55,1.4,630,970.0,09-APR-2013,6,INE874F01027,
RADICO,EQ,127.0,127.85,124.85,125.15,125.05,127.15,123921,15724990.95,09-APR-2013,646,INE944F01028,
RAINBOWPAP,EQ,77.0,77.0,75.95,76.3,76.0,76.25,21677,1654669.4,09-APR-2013,550,INE028D01025,
RAINCOM,EQ,49.65,50.25,44.25,45.0,45.0,50.0,128899,5984035.9,09-APR-2013,1239,INE855B01025,
RAJESHEXPO,EQ,115.65,117.9,115.1,115.65,116.05,115.65,234749,27350259.5,09-APR-2013,2226,INE343B01030,
RAJOIL,EQ,2.4,2.5,2.3,2.3,2.35,2.4,111184,263524.6,09-APR-2013,112,INE294G01018,
RAJPALAYAM,EQ,240.0,250.0,237.15,247.8,245.2,240.4,600,147699.85,09-APR-2013,65,INE296E01026,
RAJRAYON,EQ,0.7,0.9,0.7,0.7,0.7,0.8,12957,10654.9,09-APR-2013,12,INE533D01024,
RAJSREESUG,EQ,42.0,42.0,39.7,40.75,41.55,41.9,2328,95075.7,09-APR-2013,37,INE562B01019,
RAJTV,EQ,184.0,184.0,178.15,180.9,182.5,179.1,42212,7601315.95,09-APR-2013,547,INE952H01019,
RALLIS,EQ,121.35,123.8,117.0,118.0,117.0,121.25,140660,16834735.35,09-APR-2013,1777,INE613A01020,
RAMANEWS,EQ,7.6,8.15,7.35,7.85,8.0,7.85,22283,175290.7,09-APR-2013,132,INE278B01020,
RAMCOIND,EQ,48.5,48.6,46.45,47.05,48.0,47.4,19764,933913.3,09-APR-2013,653,INE614A01028,
RAMCOSYS,BE,106.95,107.0,101.65,104.0,104.0,102.55,1014,104751.1,09-APR-2013,11,INE246B01019,
RAMKY,EQ,62.1,64.45,61.05,62.15,61.7,61.75,37784,2366239.85,09-APR-2013,1022,INE874I01013,
RAMSARUP,EQ,2.35,2.65,2.35,2.6,2.6,2.5,3546,8973.5,09-APR-2013,23,INE005D01015,
RANASUG,EQ,3.6,3.6,3.25,3.3,3.3,3.5,115835,390307.55,09-APR-2013,214,INE625B01014,
RANBAXY,EQ,440.4,442.7,429.7,431.65,431.7,440.25,479447,209170124.35,09-APR-2013,12632,INE015A01028,
RANEENGINE,EQ,153.6,153.6,153.6,153.6,153.6,154.0,121,18585.6,09-APR-2013,4,INE222J01013,
RANEHOLDIN,EQ,160.0,161.0,158.05,158.3,161.0,160.0,387,61553.7,09-APR-2013,14,INE384A01010,
RANKLIN,EQ,3.65,3.65,3.45,3.45,3.45,3.5,302,1089.6,09-APR-2013,4,INE619C01015,
RASOYPR,EQ,8.85,8.85,8.35,8.55,8.65,8.7,50569,437228.85,09-APR-2013,136,INE904G01038,
RATNAMANI,EQ,119.0,124.0,118.6,123.0,123.0,121.1,10587,1301991.55,09-APR-2013,78,INE703B01027,
RAYMOND,EQ,259.8,264.9,252.05,253.6,254.0,257.2,325384,84633854.35,09-APR-2013,7272,INE301A01014,
RBN,EQ,26.0,26.0,24.8,24.9,24.95,25.35,17730,449338.25,09-APR-2013,195,INE445K01018,
RCF,EQ,38.8,39.15,38.0,38.1,38.15,38.75,174262,6735183.55,09-APR-2013,1273,INE027A01015,
RCOM,EQ,66.9,67.8,64.15,64.5,64.35,65.85,21972191,1449420301.55,09-APR-2013,69126,INE330H01018,
RECLTD,EQ,213.65,216.6,212.5,214.95,215.5,211.95,2224248,477703160.15,09-APR-2013,23082,INE020B01018,
REDINGTON,EQ,74.0,77.6,74.0,75.0,76.15,75.0,1025288,76984630.1,09-APR-2013,3780,INE891D01026,
REIAGROLTD,EQ,11.0,11.1,10.8,10.9,10.85,10.95,219756,2404276.15,09-APR-2013,685,INE385B01031,
REISIXTEN,EQ,2.5,2.55,2.35,2.4,2.4,2.45,12597,30982.75,09-APR-2013,30,INE849J01021,
RELAXO,EQ,538.35,555.0,530.0,535.75,530.0,553.2,1787,964230.65,09-APR-2013,143,INE131B01021,
RELBANK,EQ,1139.0,1156.9,1088.0,1088.0,1088.0,1084.15,66,73631.05,09-APR-2013,21,INF733I01028,
RELCAPITAL,EQ,318.25,322.65,308.1,309.2,309.0,314.65,4909508,1550969524.9,09-APR-2013,68451,INE013A01015,
RELCNX100,EQ,53.1,53.9,53.0,53.32,53.9,53.1,5881,312903.1,09-APR-2013,29,INF204K014N5,
RELGOLD,EQ,2670.1,2684.5,2670.1,2672.2,2673.9,2685.4,2295,6139345.3,09-APR-2013,369,INF733I01010,
RELIANCE,EQ,792.1,795.6,771.1,776.95,777.7,789.4,2990299,2344124216.2,09-APR-2013,88403,INE002A01018,
RELIGARE,EQ,292.05,294.9,292.0,292.05,292.0,292.0,347,101400.2,09-APR-2013,24,INE621H01010,
RELIGAREGO,EQ,2855.0,2878.0,2852.15,2856.1,2856.1,2862.0,40,114649.8,09-APR-2013,12,INF205K01361,
RELINFRA,EQ,345.0,347.4,327.5,328.8,329.5,341.6,3168692,1071096971.45,09-APR-2013,51801,INE036A01016,
RELMEDIA,EQ,48.6,49.35,46.55,46.7,46.95,47.7,61681,2956981.85,09-APR-2013,770,INE540B01015,
RENUKA,EQ,25.05,25.35,23.8,23.95,24.05,24.9,7339002,179643132.05,09-APR-2013,21587,INE087H01022,
REPCOHOME,EQ,173.3,174.75,171.0,171.35,172.45,173.9,13703,2364309.55,09-APR-2013,323,INE612J01015,
REPRO,EQ,196.0,198.95,192.2,193.0,193.0,196.85,2062,398728.2,09-APR-2013,66,INE461B01014,
RESPONIND,EQ,96.5,96.5,77.0,84.1,83.5,90.7,12662,1089520.2,09-APR-2013,211,INE688D01026,
RICOAUTO,EQ,6.8,7.0,6.65,6.85,7.0,6.65,5032,34146.15,09-APR-2013,36,INE209B01025,
RIIL,EQ,387.2,394.0,365.0,369.75,372.0,383.2,400860,153864973.4,09-APR-2013,11924,INE046A01015,
RJL,EQ,59.55,63.3,59.55,62.25,60.85,60.0,2186,134831.65,09-APR-2013,84,INE722H01016,
RKDL,EQ,9.3,9.3,8.65,8.7,8.65,8.7,3500,30613.2,09-APR-2013,52,INE722J01012,
RKFORGE,EQ,72.5,73.9,70.65,71.95,72.95,71.3,2580,186367.15,09-APR-2013,111,INE399G01015,
RMCL,EQ,2.15,2.15,2.0,2.0,2.0,2.05,2811,5997.15,09-APR-2013,4,INE172H01014,
RML,EQ,120.95,123.4,114.2,116.3,115.15,113.1,296,35063.0,09-APR-2013,21,INE050H01012,
RMMIL,EQ,0.7,0.7,0.6,0.65,0.65,0.65,138935,91341.05,09-APR-2013,54,INE774I01031,
ROHITFERRO,EQ,19.9,19.9,17.75,18.0,18.0,18.4,17009,312596.3,09-APR-2013,140,INE248H01012,
ROHLTD,EQ,30.1,30.2,29.25,29.4,29.9,29.95,1098,32573.95,09-APR-2013,31,INE283H01019,
ROLTA,EQ,66.1,66.9,65.2,65.85,65.7,66.1,158688,10473963.85,09-APR-2013,1118,INE293A01013,
ROSSELLIND,EQ,42.0,42.0,42.0,42.0,42.0,42.3,600,25200.0,09-APR-2013,2,INE847C01020,
RPGLIFE,EQ,57.3,59.0,56.65,58.5,59.0,57.9,524,30280.35,09-APR-2013,61,INE105J01010,
RPOWER,EQ,66.3,66.65,63.4,63.85,63.75,64.95,5447510,354910447.4,09-APR-2013,25817,INE614G01033,
RPPINFRA,EQ,40.25,40.3,38.3,39.4,39.4,39.65,5537,218577.05,09-APR-2013,45,INE324L01013,
RSSOFTWARE,EQ,148.0,153.9,145.0,145.15,145.0,147.05,31286,4671909.65,09-APR-2013,821,INE165B01011,
RSWM,EQ,100.0,100.0,93.15,95.2,93.15,99.3,945,92860.7,09-APR-2013,29,INE611A01016,
RSYSTEMS,EQ,229.6,230.0,227.7,227.9,227.9,229.65,375,85635.75,09-APR-2013,8,INE411H01024,
RUBYMILLS,EQ,218.1,218.65,213.7,214.2,214.05,216.45,62,13345.65,09-APR-2013,43,INE301D01026,
RUCHINFRA,EQ,23.75,24.35,23.75,23.75,23.75,23.75,6052,143735.75,09-APR-2013,10,INE413B01023,
RUCHIRA,EQ,13.75,14.0,13.6,14.0,14.0,13.9,283,3955.55,09-APR-2013,5,INE803H01014,
RUCHISOYA,EQ,68.85,68.85,67.0,67.5,67.5,67.85,20799,1414147.6,09-APR-2013,200,INE619A01027,
RUSHIL,EQ,40.0,43.7,39.85,39.9,40.2,41.9,286392,11504889.45,09-APR-2013,1557,INE573K01017,
SABERORGAN,EQ,82.0,82.2,80.05,81.0,80.05,80.45,5702,464713.2,09-APR-2013,84,INE243A01018,
SABTN,EQ,83.0,84.25,81.95,82.35,82.0,83.0,60392,4999748.95,09-APR-2013,97,INE416A01036,
SADBHAV,EQ,112.0,114.1,112.0,113.85,114.1,112.75,3857,436246.85,09-APR-2013,196,INE226H01026,
SAGCEM,EQ,215.05,221.0,215.05,221.0,221.0,221.05,7,1517.25,09-APR-2013,4,INE229C01013,
SAHPETRO,EQ,16.05,17.25,15.95,16.05,15.95,16.5,4887,80296.95,09-APR-2013,132,INE586G01017,
SAIL,EQ,61.7,62.7,60.15,60.45,60.5,61.6,1766075,108410097.4,09-APR-2013,9984,INE114A01011,
SAKHTISUG,EQ,23.0,23.35,21.65,21.9,21.85,23.15,57433,1292884.95,09-APR-2013,444,INE623A01011,
SAKSOFT,EQ,34.25,35.0,34.25,35.0,35.0,35.0,1150,40025.0,09-APR-2013,4,INE667G01015,
SAKUMA,EQ,12.65,12.65,12.6,12.6,12.6,12.8,18,227.25,09-APR-2013,2,INE190H01016,
SALORAINTL,EQ,16.2,16.2,16.2,16.2,16.2,16.75,106,1717.2,09-APR-2013,2,INE924A01013,
SALSTEEL,EQ,2.7,2.75,2.3,2.7,2.7,2.45,6976,18475.6,09-APR-2013,41,INE658G01014,
SANDESH,EQ,292.0,292.0,290.0,290.65,290.0,287.5,8,2332.0,09-APR-2013,4,INE583B01015,
SANGAMIND,EQ,41.4,41.4,38.1,39.2,39.6,39.7,3231,126316.95,09-APR-2013,139,INE495C01010,
SANGHIIND,EQ,16.65,16.65,15.2,15.55,15.5,15.85,3316,52289.1,09-APR-2013,36,INE999B01013,
SANGHVIFOR,EQ,26.3,27.0,26.05,26.4,26.7,26.5,7546,199407.75,09-APR-2013,69,INE263L01013,
SANGHVIMOV,EQ,77.9,77.9,72.45,73.2,73.8,72.9,1710,125601.85,09-APR-2013,60,INE989A01024,
SANOFI,EQ,2575.0,2614.95,2553.0,2600.7,2605.0,2551.65,1237,3198323.0,09-APR-2013,169,INE058A01010,
SANWARIA,EQ,27.25,28.0,26.75,26.9,27.0,26.75,38583,1056180.45,09-APR-2013,233,INE890C01046,
SARDAEN,EQ,105.7,107.95,100.4,102.2,102.0,106.8,14613,1531844.3,09-APR-2013,587,INE385C01013,
SAREGAMA,EQ,65.0,66.3,62.75,63.05,62.75,64.35,9228,595890.9,09-APR-2013,198,INE979A01017,
SASKEN,EQ,139.0,144.0,138.5,140.6,143.0,138.8,10517,1479478.05,09-APR-2013,325,INE231F01020,
SATHAISPAT,EQ,45.0,45.0,43.4,44.8,43.5,45.0,8852,397567.15,09-APR-2013,52,INE176C01016,
SATYAMCOMP,EQ,118.2,118.4,113.0,113.55,113.85,117.25,1644257,189909152.75,09-APR-2013,16700,INE275A01028,
SAVERA,EQ,50.0,52.65,47.55,49.95,49.5,50.05,3473,176778.9,09-APR-2013,227,INE104E01014,
SAYAJIHOTL,EQ,124.1,124.1,124.1,124.1,124.1,124.2,200,24820.0,09-APR-2013,1,INE318C01014,
SBBJ,EQ,404.0,408.0,401.1,404.1,404.05,403.6,21076,8509714.0,09-APR-2013,874,INE648A01026,
SBIGETS,EQ,2860.2,2862.25,2845.0,2847.35,2845.3,2860.2,2265,6459782.35,09-APR-2013,445,INF200K01099,
SBIN,EQ,2045.25,2066.0,1980.0,1988.25,1981.0,2033.7,1825290,3696591703.85,09-APR-2013,87542,INE062A01012,
SBT,EQ,512.05,514.4,501.55,503.35,502.0,507.85,5613,2847490.1,09-APR-2013,350,INE654A01024,
SCHNEIDER,EQ,74.5,74.9,74.0,74.35,74.5,74.8,10395,772851.7,09-APR-2013,178,INE839M01018,
SCI,EQ,44.9,44.9,42.0,42.15,42.0,42.5,95821,4087139.4,09-APR-2013,680,INE109A01011,
SEAMECLTD,EQ,54.6,55.5,54.6,55.0,54.9,55.0,2578,141858.9,09-APR-2013,34,INE497B01018,
SEINV,EQ,382.8,383.5,382.0,382.05,383.5,382.6,88965,34039109.7,09-APR-2013,2356,INE420C01042,
SELAN,EQ,264.0,264.15,255.15,256.9,255.15,260.55,4823,1253399.85,09-APR-2013,355,INE818A01017,
SELMCL,EQ,3.4,3.75,3.4,3.6,3.65,3.4,662120,2367411.15,09-APR-2013,599,INE105I01012,
SEPOWER,EQ,14.5,14.5,14.5,14.5,14.5,14.85,11,159.5,09-APR-2013,2,INE735M01018,
SERVALL,EQ,2.7,2.85,2.65,2.65,2.65,2.75,10535,28745.0,09-APR-2013,19,INE431L01016,
SESAGOA,EQ,147.9,149.75,145.0,146.0,146.6,145.95,1579527,232759388.3,09-APR-2013,17833,INE205A01025,
SESHAPAPER,EQ,223.0,230.0,221.0,221.65,221.0,225.0,56,12650.5,09-APR-2013,13,INE630A01016,
SGJHL,EQ,101.5,102.0,99.5,100.05,101.55,100.7,12015,1204727.5,09-APR-2013,321,INE553K01019,
SHAKTIPUMP,EQ,44.65,45.45,43.1,44.05,44.45,44.65,7760,344905.5,09-APR-2013,111,INE908D01010,
SHALPAINTS,EQ,111.0,113.5,106.5,107.4,107.7,110.6,43138,4758303.95,09-APR-2013,964,INE849C01026,
SHANTIGEAR,EQ,55.55,57.9,55.4,56.0,56.0,55.75,4519,254509.4,09-APR-2013,131,INE631A01022,
SHARIABEES,EQ,125.0,125.0,125.0,125.0,125.0,120.0,26,3250.0,09-APR-2013,3,INF732E01128,
SHARONBIO,EQ,347.6,347.6,345.25,345.45,345.45,346.55,4245,1469187.3,09-APR-2013,42,INE028B01011,
SHARRESLTD,EQ,49.0,49.75,49.0,49.35,49.75,49.0,2,98.75,09-APR-2013,2,INE559D01011,
SHASUNPHAR,EQ,66.05,69.95,65.0,65.3,65.8,66.25,116196,7851898.4,09-APR-2013,1760,INE317A01028,
SHILPAMED,EQ,247.0,248.0,245.0,245.0,245.0,246.05,358,88048.2,09-APR-2013,26,INE790G01023,
SHILPI,EQ,13.6,13.75,13.2,13.35,13.5,13.3,18422,251329.25,09-APR-2013,51,INE510K01019,
SHIRPUR-G,EQ,65.0,69.5,61.9,62.4,61.95,68.35,1443,90462.4,09-APR-2013,24,INE196B01016,
SHIV-VANI,EQ,42.1,43.4,41.1,42.1,42.35,42.65,24541,1047671.45,09-APR-2013,493,INE756B01017,
SHIVAMAUTO,EQ,86.9,86.9,86.9,86.9,86.9,86.95,10,869.0,09-APR-2013,1,INE637H01016,
SHIVTEX,EQ,24.5,26.0,24.5,26.0,26.0,24.75,6374,164990.15,09-APR-2013,122,INE705C01012,
SHLAKSHMI,EQ,40.1,40.1,36.3,36.65,36.3,38.2,15992,615958.5,09-APR-2013,201,INE851B01016,
SHOPERSTOP,EQ,391.05,396.0,382.0,386.7,382.25,390.6,5847,2293713.45,09-APR-2013,357,INE498B01024,
SHREEASHTA,EQ,1.4,1.4,1.4,1.4,1.4,1.45,140093,196130.2,09-APR-2013,87,INE538H01024,
SHREECEM,EQ,4040.0,4048.7,3939.35,4019.1,4015.0,3999.85,117228,470707424.8,09-APR-2013,1772,INE070A01015,
SHREERAMA,EQ,4.65,4.65,4.65,4.65,4.65,4.65,1000,4650.0,09-APR-2013,2,INE879A01019,
SHRENUJ,EQ,60.0,62.9,57.3,58.9,61.0,60.1,23232,1411666.7,09-APR-2013,146,INE633A01028,
SHREYAS,EQ,30.05,30.95,30.0,30.05,30.0,30.85,1797,54145.25,09-APR-2013,16,INE757B01015,
SHRIRAMCIT,EQ,1088.95,1088.95,1010.0,1012.3,1010.05,1030.3,1126,1160984.0,09-APR-2013,183,INE722A01011,
SHRIRAMEPC,EQ,56.65,58.0,55.8,56.25,56.8,57.55,4701,267610.4,09-APR-2013,109,INE964H01014,
SHYAMTEL,EQ,24.75,24.75,21.6,22.15,22.35,21.2,497,10943.5,09-APR-2013,22,INE635A01023,
SICAGEN,EQ,13.7,14.0,13.7,13.8,13.8,14.0,1273,17589.85,09-APR-2013,15,INE176J01011,
SICAL,EQ,60.1,60.1,60.0,60.0,60.0,59.95,8307,498422.55,09-APR-2013,31,INE075B01012,
SIEMENS,EQ,486.9,492.0,466.65,473.15,477.0,482.3,341155,164168864.15,09-APR-2013,13018,INE003A01024,
SIGNETIND,EQ,234.25,235.25,231.1,234.2,233.0,234.15,24503,5749137.4,09-APR-2013,589,INE529F01019,
SIL,BE,13.0,13.25,12.85,12.9,12.85,13.45,492,6390.8,09-APR-2013,8,INE173A01025,
SIMBHSUGAR,EQ,23.35,23.35,23.35,23.35,23.35,23.1,100,2335.0,09-APR-2013,2,INE270C01017,
SIMPLEX,EQ,26.2,26.2,26.2,26.2,26.2,26.15,10,262.0,09-APR-2013,1,INE898F01018,
SIMPLEXINF,EQ,108.5,111.9,104.1,106.15,106.45,108.9,4084,443505.75,09-APR-2013,200,INE059B01024,
SINTEX,EQ,44.55,45.5,43.4,43.7,43.75,44.15,2939735,130726921.5,09-APR-2013,15736,INE429C01035,
SITICABLE,EQ,23.5,23.9,23.0,23.1,23.05,23.4,192781,4517943.35,09-APR-2013,935,INE965H01011,
SIYSIL,EQ,244.9,244.9,236.0,236.0,236.0,244.05,101,23979.75,09-APR-2013,29,INE076B01010,
SJVN,EQ,19.35,19.5,19.25,19.3,19.4,19.25,195516,3767314.2,09-APR-2013,209,INE002L01015,
SKFINDIA,EQ,550.0,552.8,538.05,546.0,542.0,551.6,3705,2023502.0,09-APR-2013,563,INE640A01023,
SKMEGGPROD,EQ,6.8,6.8,6.0,6.0,6.0,5.7,200,1280.0,09-APR-2013,2,INE411D01015,
SKSMICRO,EQ,121.4,123.5,119.0,119.9,120.0,120.55,220025,26617326.25,09-APR-2013,5159,INE180K01011,
SKUMARSYNF,EQ,8.9,8.95,8.65,8.65,8.7,8.75,591586,5185520.75,09-APR-2013,974,INE772A01016,
SMARTLINK,EQ,63.0,63.0,54.1,54.15,54.95,54.95,3690,203379.8,09-APR-2013,115,INE178C01020,
SMLISUZU,EQ,297.0,320.0,296.5,312.7,313.5,305.0,583,181959.15,09-APR-2013,35,INE294B01019,
SMOBILITY,EQ,25.0,26.75,25.0,25.55,25.55,25.45,736,18758.75,09-APR-2013,10,INE927C01020,
SMPL,EQ,2.3,2.3,2.1,2.15,2.2,2.2,97328,221241.15,09-APR-2013,132,INE215G01021,
SMSPHARMA,EQ,206.1,209.0,203.0,204.6,204.0,205.3,1499,308596.35,09-APR-2013,39,INE812G01017,
SOBHA,EQ,358.65,365.9,358.55,360.1,359.55,358.65,108323,39237508.95,09-APR-2013,1988,INE671H01015,
SOLARINDS,EQ,1020.05,1020.1,1010.0,1018.05,1019.9,1020.0,5563,5650609.35,09-APR-2013,198,INE343H01011,
SOMANYCERA,EQ,69.8,72.45,69.0,71.5,71.1,69.0,7607,544151.05,09-APR-2013,111,INE355A01028,
SONASTEER,EQ,10.25,10.25,9.75,9.75,9.85,10.0,45909,456960.5,09-APR-2013,305,INE643A01035,
SONATSOFTW,EQ,23.5,24.25,23.2,24.1,24.2,23.4,30344,724104.4,09-APR-2013,227,INE269A01021,
SOTL,EQ,476.15,485.4,476.15,480.05,480.0,480.1,1348,648924.2,09-APR-2013,56,INE035D01012,
SOUISPAT,BE,11.85,11.85,11.3,11.45,11.4,11.3,24036,278433.9,09-APR-2013,132,INE943B01011,
SOUTHBANK,EQ,23.15,23.25,22.1,22.25,22.4,22.8,1840682,41710292.05,09-APR-2013,3799,INE683A01023,
SPANCO,EQ,11.35,12.0,11.35,11.35,11.35,11.9,13155,151537.35,09-APR-2013,53,INE360B01026,
SPARC,EQ,114.5,118.8,112.8,113.9,113.0,113.5,368077,42915567.45,09-APR-2013,5765,INE232I01014,
SPECIALITY,EQ,172.5,177.0,172.5,175.1,175.0,174.25,56627,9900980.7,09-APR-2013,937,INE247M01014,
SPENTEX,EQ,3.7,3.7,3.5,3.6,3.6,3.8,27850,99383.8,09-APR-2013,32,INE376C01020,
SPIC,EQ,13.6,13.8,13.2,13.5,13.2,13.65,48179,653940.1,09-APR-2013,165,INE147A01011,
SPMLINFRA,EQ,43.0,48.0,43.0,45.0,45.0,45.0,3303,154772.05,09-APR-2013,68,INE937A01023,
SPYL,EQ,38.1,38.45,36.25,37.9,38.1,37.8,490,18552.85,09-APR-2013,28,INE268L01012,
SREINFRA,EQ,28.0,28.6,26.25,26.55,26.5,27.65,403422,11062415.8,09-APR-2013,3618,INE872A01014,
SRF,EQ,177.0,178.45,174.05,174.9,174.05,176.15,7429,1311700.2,09-APR-2013,760,INE647A01010,
SRGINFOTEC,EQ,0.3,0.3,0.25,0.25,0.3,0.3,7543,2097.85,09-APR-2013,48,INE376A01032,
SRSLTD,EQ,45.45,45.45,43.4,43.75,43.95,44.0,129368,5723194.85,09-APR-2013,648,INE219H01039,
SRTRANSFIN,EQ,685.0,685.0,662.25,667.95,669.95,683.3,288394,193230750.5,09-APR-2013,27743,INE721A01013,
SSWL,EQ,159.1,162.75,157.4,158.2,158.95,158.1,1074,171420.35,09-APR-2013,187,INE802C01017,
STAR,EQ,846.45,852.4,826.0,833.95,836.1,843.1,90520,76267534.8,09-APR-2013,8018,INE939A01011,
STCINDIA,EQ,172.0,176.7,167.6,169.25,169.15,171.45,288308,49837152.95,09-APR-2013,6824,INE655A01013,
STEL,EQ,8.5,8.5,8.5,8.5,8.5,10.6,500,4250.0,09-APR-2013,1,INE577L01016,
STER,EQ,88.3,89.65,86.75,87.5,87.85,87.6,4404609,388125588.1,09-APR-2013,21297,INE268A01049,
STERLINBIO,EQ,5.8,5.8,5.8,5.8,5.8,5.55,32514,188581.2,09-APR-2013,74,INE324C01038,
STERTOOLS,EQ,95.85,95.85,95.85,95.85,95.85,96.8,10,958.5,09-APR-2013,1,INE334A01015,
STOREONE,EQ,31.0,31.65,30.5,31.3,31.65,30.25,4323,135066.3,09-APR-2013,52,INE034H01016,
STRTECH,EQ,24.2,24.4,23.35,23.5,23.65,23.95,103778,2487499.85,09-APR-2013,518,INE089C01029,
STYABS,EQ,585.0,587.95,565.1,565.4,565.1,582.45,138,78976.9,09-APR-2013,21,INE189B01011,
SUBEX,EQ,9.5,9.8,9.05,9.2,9.4,9.5,850877,7860363.0,09-APR-2013,1868,INE754A01014,
SUBROS,EQ,24.4,24.4,23.0,23.45,24.0,23.2,6480,151513.1,09-APR-2013,39,INE287B01021,
SUDAR,EQ,19.5,19.5,19.5,19.5,19.5,20.5,5637,109921.5,09-APR-2013,33,INE384L01017,
SUJANATOW,EQ,1.95,2.15,1.95,1.95,1.95,2.05,925151,1898063.0,09-APR-2013,313,INE333I01028,
SUJANAUNI,EQ,0.75,0.75,0.65,0.7,0.7,0.7,238298,168529.65,09-APR-2013,71,INE216G01011,
SUMEETINDS,EQ,22.25,22.45,21.7,22.05,21.7,22.25,9485,210342.0,09-APR-2013,96,INE235C01010,
SUMMITSEC,EQ,62.55,62.55,62.55,62.55,62.55,68.6,18,1125.9,09-APR-2013,1,INE519C01017,
SUNCLAYLTD,EQ,348.8,348.8,330.0,333.75,330.05,349.85,212,71743.15,09-APR-2013,27,INE105A01035,
SUNDARAM,EQ,20.1,20.45,19.0,19.2,19.4,19.75,226106,4491287.65,09-APR-2013,333,INE108E01023,
SUNDARMFIN,EQ,485.0,487.0,479.0,480.15,480.0,485.35,35214,17045348.95,09-APR-2013,445,INE660A01013,
SUNDRMBRAK,EQ,143.25,143.25,126.7,128.05,126.7,132.5,385,50051.35,09-APR-2013,53,INE073D01013,
SUNDRMFAST,EQ,42.05,42.8,39.6,40.3,40.2,40.8,78551,3257378.45,09-APR-2013,1436,INE387A01021,
SUNFLAG,EQ,20.05,21.5,20.0,20.8,20.85,20.1,4322,89309.3,09-APR-2013,43,INE947A01014,
SUNILHITEC,EQ,57.0,59.5,55.05,55.25,55.45,57.55,13874,787127.6,09-APR-2013,183,INE305H01010,
SUNPHARMA,EQ,862.0,874.0,860.25,867.8,870.0,865.45,946670,822412987.65,09-APR-2013,41031,INE044A01036,
SUNTECK,EQ,424.0,427.25,423.5,427.25,424.5,423.85,21651,9234091.15,09-APR-2013,62,INE805D01026,
SUNTV,EQ,364.0,369.6,358.75,361.15,361.0,362.6,1085065,393835254.65,09-APR-2013,21252,INE424H01027,
SUPER,EQ,210.0,220.0,210.0,213.1,213.1,207.6,779,167622.1,09-APR-2013,31,INE091C01017,
SUPERSPIN,EQ,5.6,5.6,5.1,5.25,5.1,5.3,1191,6281.6,09-APR-2013,7,INE662A01027,
SUPPETRO,EQ,58.5,61.85,58.5,60.2,60.05,58.9,6838,411796.7,09-APR-2013,73,INE663A01017,
SUPRAJIT,EQ,34.05,34.5,33.0,33.3,33.0,34.0,7286,245522.2,09-APR-2013,61,INE399C01030,
SUPREMEIND,EQ,312.0,313.85,310.0,310.0,310.0,311.05,19871,6161645.45,09-APR-2013,193,INE195A01028,
SUPREMEINF,EQ,212.7,212.7,206.0,209.05,209.7,210.85,2031,424002.5,09-APR-2013,91,INE550H01011,
SURANAIND,EQ,108.95,108.95,96.7,96.9,96.7,107.4,188,18658.1,09-APR-2013,17,INE659D01019,
SURANAVEL,EQ,28.9,29.0,28.9,29.0,29.0,29.0,300,8690.0,09-APR-2013,2,INE272L01014,
SURYAJYOTI,EQ,10.0,10.0,9.6,9.8,9.6,10.25,473,4634.9,09-APR-2013,15,INE411C01017,
SURYALAXMI,EQ,59.2,62.2,59.1,60.7,60.0,60.2,624,37347.15,09-APR-2013,38,INE713B01026,
SURYAPHARM,BE,1.45,1.45,1.45,1.45,1.45,1.4,9803,14214.35,09-APR-2013,8,INE249G01020,
SURYAROSNI,EQ,75.05,77.0,73.8,74.15,74.2,75.25,7340,553344.9,09-APR-2013,200,INE335A01012,
SUTLEJTEX,EQ,200.0,200.0,200.0,200.0,200.0,207.0,350,70000.0,09-APR-2013,4,INE645H01019,
SUVEN,EQ,25.6,25.6,24.75,24.9,24.85,25.15,62424,1572344.85,09-APR-2013,292,INE495B01038,
SUZLON,EQ,13.8,13.8,13.45,13.5,13.45,13.5,5981688,81631885.85,09-APR-2013,9076,INE040H01021,
SWANENERGY,EQ,121.25,123.6,119.0,121.55,120.75,121.95,101474,12317248.3,09-APR-2013,793,INE665A01020,
SWARAJENG,EQ,392.55,401.5,388.0,389.75,388.65,393.1,3434,1349438.6,09-APR-2013,446,INE277A01016,
SWELECTES,EQ,142.95,142.95,137.05,140.55,140.5,142.3,3556,499662.3,09-APR-2013,153,INE409B01013,
SYMPHONY,EQ,370.0,377.5,362.35,365.0,362.35,368.05,83170,30368212.15,09-APR-2013,241,INE225D01027,
SYNCOM,BE,10.5,10.6,10.0,10.45,10.45,10.4,1566,16046.1,09-APR-2013,17,INE602K01014,
SYNDIBANK,EQ,109.4,111.75,107.05,107.8,107.75,108.85,564013,61791255.75,09-APR-2013,6152,INE667A01018,
TAINWALCHM,EQ,19.5,19.5,19.5,19.5,19.5,19.15,500,9750.0,09-APR-2013,1,INE123C01018,
TAJGVK,EQ,64.95,64.95,64.0,64.6,64.0,64.45,2318,149050.5,09-APR-2013,116,INE586B01026,
TAKE,EQ,21.15,22.4,21.1,22.25,22.25,21.2,509098,11069984.0,09-APR-2013,258,INE142I01023,
TAKSHEEL,EQ,8.0,8.2,7.3,7.5,7.65,7.8,31591,246071.65,09-APR-2013,153,INE889I01011,
TALBROAUTO,EQ,34.3,34.3,34.3,34.3,34.3,36.0,100,3430.0,09-APR-2013,1,INE187D01011,
TALWALKARS,EQ,140.0,140.65,136.05,136.45,136.5,139.15,25711,3565035.85,09-APR-2013,846,INE502K01016,
TANLA,EQ,5.4,5.4,5.1,5.3,5.4,4.95,371315,1982874.0,09-APR-2013,583,INE483C01032,
TANTIACONS,EQ,30.3,31.35,29.35,30.6,30.9,29.95,4822,146118.5,09-APR-2013,122,INE388G01018,
TARAJEWELS,EQ,179.95,180.25,174.0,176.75,175.0,179.05,673,119032.7,09-APR-2013,69,INE799L01016,
TARAPUR,EQ,8.75,9.5,8.75,8.9,8.8,8.65,1021,9369.9,09-APR-2013,10,INE747K01017,
TARMAT,EQ,13.05,13.15,13.05,13.15,13.1,13.0,1851,24297.6,09-APR-2013,86,INE924H01018,
TATACHEM,EQ,311.15,317.0,311.15,315.45,315.0,311.05,209631,66097225.5,09-APR-2013,3674,INE092A01019,
TATACOFFEE,EQ,1514.5,1536.0,1478.4,1502.15,1506.0,1515.55,40345,61076976.95,09-APR-2013,2975,INE493A01019,
TATACOMM,EQ,225.7,226.4,221.65,223.2,224.0,225.75,102266,22885394.8,09-APR-2013,4434,INE151A01013,
TATAELXSI,EQ,191.75,194.4,188.25,189.6,189.5,190.35,18530,3557956.15,09-APR-2013,594,INE670A01012,
TATAGLOBAL,EQ,133.5,135.0,129.7,130.15,130.1,132.8,1762110,233440082.4,09-APR-2013,17119,INE192A01025,
TATAINVEST,EQ,442.0,442.0,428.95,431.75,430.0,435.05,2295,995070.75,09-APR-2013,295,INE672A01018,
TATAMETALI,EQ,44.25,45.0,43.5,44.6,45.0,43.6,15678,695450.85,09-APR-2013,314,INE056C01010,
TATAMOTORS,EQ,259.0,265.55,259.0,262.85,262.0,256.7,14601352,3840981137.25,09-APR-2013,87750,INE155A01022,
TATAMTRDVR,EQ,150.25,156.0,150.25,153.35,152.75,150.15,1207927,186086348.15,09-APR-2013,13669,IN9155A01020,
TATAPOWER,EQ,97.0,97.3,94.0,94.75,94.35,96.6,1438754,137600307.95,09-APR-2013,7678,INE245A01021,
TATASPONGE,EQ,296.0,296.0,289.0,289.8,289.0,288.55,971,282363.4,09-APR-2013,66,INE674A01014,
TATASTEEL,EQ,308.1,313.8,303.55,304.4,304.45,305.9,3865128,1193643677.25,09-APR-2013,57975,INE081A01012,
TBZ,EQ,220.4,223.4,215.3,216.85,217.5,217.3,31954,7016761.95,09-APR-2013,1063,INE760L01018,
TCI,EQ,52.6,54.45,52.6,53.15,53.25,53.0,4456,239303.3,09-APR-2013,170,INE688A01022,
TCIFINANCE,EQ,30.0,30.0,25.7,26.5,26.0,28.9,3682,98932.65,09-APR-2013,103,INE911B01018,
TCS,EQ,1480.0,1513.0,1477.6,1497.4,1500.0,1480.75,836177,1253072612.1,09-APR-2013,28130,INE467B01029,
TDPOWERSYS,EQ,235.0,248.0,234.0,246.5,246.5,235.05,35125,8254956.6,09-APR-2013,258,INE419M01019,
TECHM,EQ,992.15,993.85,963.25,967.15,971.8,983.95,354369,347282773.3,09-APR-2013,16506,INE669C01028,
TECHNO,EQ,142.7,142.7,135.1,139.2,138.0,143.4,866,122095.9,09-APR-2013,83,INE286K01024,
TECHNOFAB,EQ,117.0,119.5,116.1,116.2,116.1,118.35,570,66552.35,09-APR-2013,11,INE509K01011,
TECPRO,EQ,95.8,98.0,93.05,93.6,93.05,95.95,8920,851214.95,09-APR-2013,542,INE904H01010,
TEXINFRA,EQ,27.0,27.95,27.0,27.45,27.75,27.1,6209,170627.4,09-APR-2013,89,INE435C01024,
TEXMOPIPES,EQ,5.05,5.3,4.85,5.0,5.0,5.15,26253,133814.3,09-APR-2013,87,INE141K01013,
TEXRAIL,EQ,48.05,49.0,48.0,48.25,48.05,47.95,20379,987158.2,09-APR-2013,1064,INE621L01012,
TFCILTD,EQ,21.9,22.3,21.5,21.6,21.5,21.65,20369,442960.3,09-APR-2013,118,INE305A01015,
THANGAMAYL,EQ,215.5,224.0,209.55,209.9,209.55,215.65,3273,692116.9,09-APR-2013,156,INE085J01014,
THEBYKE,EQ,226.05,227.6,226.0,227.6,227.6,225.2,115026,26115727.7,09-APR-2013,1034,INE319B01014,
THEMISMED,EQ,55.55,58.85,52.65,57.65,57.5,56.25,1060,58920.65,09-APR-2013,168,INE083B01016,
THERMAX,EQ,567.1,579.85,567.0,572.9,568.2,570.4,5614,3214146.8,09-APR-2013,613,INE152A01029,
THINKSOFT,EQ,66.0,69.0,66.0,66.45,67.3,66.75,7422,496139.65,09-APR-2013,185,INE201K01015,
THOMASCOOK,EQ,49.55,50.2,49.55,49.95,49.7,49.35,12078,602677.7,09-APR-2013,173,INE332A01027,
TI,EQ,59.5,60.4,56.9,57.65,57.6,58.95,150815,8850936.0,09-APR-2013,1359,INE133E01013,
TIDEWATER,EQ,7109.0,7249.0,7090.0,7117.95,7090.0,7140.15,141,1005261.8,09-APR-2013,79,INE484C01014,
TIIL,EQ,64.0,64.0,64.0,64.0,64.0,63.95,55000,3520000.0,09-APR-2013,2,INE545H01011,
TIJARIA,EQ,6.0,6.3,5.85,6.0,6.05,5.9,3481,21390.95,09-APR-2013,18,INE440L01017,
TIL,EQ,160.05,166.95,157.3,158.75,157.55,162.95,875,141289.25,09-APR-2013,104,INE806C01018,
TIMBOR,EQ,24.3,24.9,23.45,23.45,23.45,24.65,12515,297887.0,09-APR-2013,86,INE346L01016,
TIMETECHNO,EQ,42.0,42.0,40.05,40.4,40.05,40.45,47140,1920592.45,09-APR-2013,173,INE508G01029,
TIMKEN,EQ,151.35,152.6,147.4,149.65,150.0,150.0,39874,5982401.4,09-APR-2013,876,INE325A01013,
TINPLATE,EQ,42.5,42.5,41.5,41.5,41.5,41.5,11360,474921.25,09-APR-2013,133,INE422C01014,
TIPSINDLTD,EQ,56.0,57.0,56.0,57.0,57.0,56.3,2782,156616.5,09-APR-2013,24,INE716B01011,
TIRUMALCHM,EQ,100.0,103.55,99.0,99.0,99.3,100.5,4811,482791.7,09-APR-2013,103,INE338A01016,
TITAN,EQ,254.0,255.6,248.05,249.7,248.15,252.5,1324450,333541084.65,09-APR-2013,21731,INE280A01028,
TNPETRO,EQ,10.9,11.25,10.8,10.85,10.8,10.95,5194,56599.8,09-APR-2013,38,INE148A01019,
TNPL,EQ,97.1,98.4,93.25,95.1,93.55,97.15,11930,1142834.4,09-APR-2013,578,INE107A01015,
TORNTPHARM,EQ,669.0,697.65,669.0,688.75,697.0,687.95,3632,2491610.9,09-APR-2013,263,INE685A01028,
TORNTPOWER,EQ,144.75,144.8,139.05,139.6,139.4,143.6,50484,7123241.0,09-APR-2013,1779,INE813H01021,
TREEHOUSE,EQ,253.65,261.55,248.0,249.55,248.05,250.35,48963,12513670.4,09-APR-2013,1383,INE040M01013,
TRENT,EQ,1000.1,1010.0,978.7,988.9,980.5,1007.45,9782,9677287.05,09-APR-2013,553,INE849A01012,
TRF,EQ,183.0,192.95,178.35,180.2,180.0,183.2,111650,21044474.95,09-APR-2013,3992,INE391D01019,
TRICOM,EQ,1.9,1.9,1.85,1.85,1.85,1.8,8105,15139.2,09-APR-2013,16,INE771B01032,
TRIDENT,EQ,8.8,9.05,8.7,8.75,8.8,8.85,113043,990301.5,09-APR-2013,117,INE064C01014,
TRIGYN,EQ,6.85,6.85,6.85,6.85,6.85,6.3,500,3425.0,09-APR-2013,1,INE948A01012,
TRIL,EQ,92.25,93.45,87.05,88.45,88.6,91.25,4734,428454.2,09-APR-2013,330,INE763I01018,
TRITURBINE,EQ,52.05,53.75,52.0,52.0,52.0,52.05,11266,588663.95,09-APR-2013,218,INE152M01016,
TRIVENI,EQ,16.0,16.15,15.1,15.25,15.1,15.8,301980,4692975.25,09-APR-2013,982,INE256C01024,
TTKHEALTH,EQ,427.0,427.0,406.1,409.55,410.5,415.35,6480,2684485.9,09-APR-2013,374,INE910C01018,
TTKPRESTIG,EQ,3204.6,3213.8,3086.25,3100.3,3087.0,3162.7,28927,91301345.6,09-APR-2013,3728,INE690A01010,
TTL,EQ,22.4,22.4,22.4,22.4,22.4,21.05,500,11200.0,09-APR-2013,1,INE592B01016,
TTML,EQ,8.6,8.75,8.4,8.45,8.55,8.45,400904,3418932.3,09-APR-2013,648,INE517B01013,
TUBEINVEST,EQ,161.0,162.35,158.5,160.05,160.0,160.7,9723,1562436.2,09-APR-2013,437,INE149A01025,
TULIP,EQ,10.9,10.9,10.6,10.9,10.9,10.4,388390,4225642.65,09-APR-2013,858,INE122H01027,
TULSI,EQ,7.1,7.1,6.2,6.2,6.4,6.2,11271,71711.35,09-APR-2013,59,INE474I01012,
TV18BRDCST,EQ,26.75,26.85,25.55,25.75,25.9,26.45,1130731,29617549.1,09-APR-2013,2846,INE886H01027,
TVSELECT,EQ,15.0,16.95,15.0,16.55,16.85,16.5,4949,81106.65,09-APR-2013,45,INE236G01019,
TVSMOTOR,EQ,38.8,38.8,34.75,35.1,35.1,39.75,7921228,285519976.5,09-APR-2013,33705,INE494B01023,
TVSSRICHAK,EQ,170.05,176.95,170.0,173.7,176.0,170.2,610,105447.5,09-APR-2013,45,INE421C01016,
TVTODAY,EQ,65.25,66.25,63.6,63.9,63.8,64.35,27354,1786545.1,09-APR-2013,419,INE038F01029,
TWILITAKA,EQ,5.3,5.5,5.1,5.2,5.2,5.3,7765,40738.5,09-APR-2013,57,INE783B01029,
TWL,EQ,176.0,178.2,166.15,167.85,167.65,175.75,20003,3447914.5,09-APR-2013,912,INE615H01012,
UBENGG,BE,21.55,21.7,21.55,21.7,21.7,21.7,315,6792.75,09-APR-2013,2,INE328C01013,
UBHOLDINGS,EQ,39.25,41.45,37.6,37.6,37.6,39.55,496789,19555069.95,09-APR-2013,4560,INE696A01025,
UBL,EQ,792.3,819.4,784.45,791.9,787.9,787.8,717917,577860406.2,09-APR-2013,42794,INE686F01025,
UCALFUEL,EQ,51.9,53.5,51.6,51.95,51.75,51.75,1102,57932.2,09-APR-2013,64,INE139B01016,
UCOBANK,EQ,59.5,60.8,57.6,57.85,57.65,59.2,1525124,90471878.85,09-APR-2013,9706,INE691A01018,
UFLEX,EQ,75.75,77.0,71.05,72.3,72.0,74.95,168977,12549048.15,09-APR-2013,2277,INE516A01017,
UGARSUGAR,EQ,12.05,12.9,11.9,12.15,12.25,12.25,8241,100733.7,09-APR-2013,150,INE071E01023,
ULTRACEMCO,EQ,1800.0,1831.7,1788.0,1800.55,1800.0,1789.7,162801,295573275.25,09-APR-2013,14729,INE481G01011,
UNICHEMLAB,EQ,169.0,170.8,168.0,168.75,169.05,169.2,10316,1745753.15,09-APR-2013,209,INE351A01035,
UNIONBANK,EQ,215.45,218.6,207.1,208.2,209.15,214.6,1647416,351216961.05,09-APR-2013,24006,INE692A01016,
UNIPHOS,EQ,119.15,121.7,118.9,119.7,119.8,119.2,529219,63520994.35,09-APR-2013,4920,INE628A01036,
UNIPLY,EQ,6.25,6.25,5.3,5.6,5.6,5.6,2708,14558.4,09-APR-2013,13,INE950G01015,
UNITECH,EQ,23.75,24.55,23.4,23.5,23.6,23.7,30166656,723057198.65,09-APR-2013,40511,INE694A01020,
UNITEDBNK,EQ,58.0,59.4,54.5,55.2,54.7,57.55,128748,7361061.1,09-APR-2013,1404,INE695A01019,
UNITY,EQ,30.0,30.6,28.75,29.05,29.3,29.75,64301,1892064.05,09-APR-2013,381,INE466H01028,
USHAMART,EQ,25.1,25.55,24.6,25.0,25.25,25.2,41274,1039782.0,09-APR-2013,383,INE228A01035,
USHERAGRO,EQ,43.5,46.5,43.5,45.8,45.8,42.05,228371,10299114.95,09-APR-2013,1629,INE235G01011,
UTTAMSTL,EQ,70.1,70.85,67.6,67.9,68.1,69.95,25257,1759630.35,09-APR-2013,400,INE699A01011,
UTTAMSUGAR,EQ,23.7,23.7,21.15,21.95,21.25,22.05,12647,280253.45,09-APR-2013,109,INE786F01031,
V2RETAIL,EQ,10.45,10.45,9.25,9.4,9.4,9.65,2778,26413.7,09-APR-2013,35,INE945H01013,
VADILALIND,EQ,179.5,182.9,162.95,164.65,163.2,177.6,71366,12243508.8,09-APR-2013,2131,INE694D01016,
VAIBHAVGBL,EQ,122.0,122.0,117.9,117.9,121.95,119.05,965,113822.95,09-APR-2013,10,INE884A01019,
VAKRANSOFT,EQ,68.45,71.0,67.95,70.3,70.4,67.0,483708,33954894.1,09-APR-2013,2985,INE051B01021,
VALECHAENG,EQ,48.9,48.9,47.1,47.4,47.3,47.95,13021,627369.5,09-APR-2013,145,INE624C01015,
VALUEIND,EQ,8.35,8.65,8.05,8.1,8.05,8.35,3448,28544.0,09-APR-2013,21,INE352A01017,
VARDHACRLC,EQ,12.5,12.55,12.5,12.5,12.5,12.5,19600,245025.0,09-APR-2013,14,INE116G01013,
VARDMNPOLY,EQ,61.15,61.15,61.1,61.1,61.1,64.0,149,9108.9,09-APR-2013,2,INE835A01011,
VARUN,EQ,13.15,13.3,12.65,12.65,12.7,12.85,38087,496043.5,09-APR-2013,183,INE032G01012,
VARUNSHIP,EQ,8.7,8.9,8.35,8.6,8.6,8.8,86444,751711.15,09-APR-2013,247,INE702A01013,
VASCONEQ,EQ,30.75,31.6,30.1,30.1,30.1,31.65,9002,271331.3,09-APR-2013,78,INE893I01013,
VASWANI,EQ,3.85,3.95,3.8,3.9,3.95,3.95,5101,19447.75,09-APR-2013,22,INE590L01019,
VENKEYS,EQ,546.0,579.5,546.0,567.75,568.5,551.3,160599,91383221.45,09-APR-2013,7921,INE398A01010,
VENUSREM,EQ,257.25,260.0,251.0,252.8,253.9,257.0,4107,1048074.45,09-APR-2013,343,INE411B01019,
VESUVIUS,EQ,333.9,334.0,328.6,330.4,329.0,330.0,1234,410141.65,09-APR-2013,34,INE386A01015,
VGUARD,EQ,456.5,512.2,456.5,497.5,495.0,454.6,291116,142066520.95,09-APR-2013,10243,INE951I01019,
VICEROY,EQ,17.4,18.75,16.75,17.0,16.9,16.8,106217,1907091.3,09-APR-2013,632,INE048C01017,
VIDEOIND,EQ,208.95,212.9,204.35,206.1,206.9,207.65,91148,19010221.25,09-APR-2013,2849,INE703A01011,
VIJAYABANK,EQ,48.5,49.7,47.7,47.85,47.8,48.5,1187616,57758078.65,09-APR-2013,7874,INE705A01016,
VIJSHAN,EQ,17.0,17.0,16.25,16.3,16.7,16.2,4498,74176.7,09-APR-2013,47,INE806F01011,
VIKASGLOB,EQ,103.1,103.1,92.1,99.95,100.0,98.0,618,60605.75,09-APR-2013,22,INE806A01012,
VIMTALABS,EQ,18.85,18.85,17.8,18.0,18.0,17.8,2755,49725.0,09-APR-2013,12,INE579C01029,
VINATIORGA,EQ,100.25,102.0,97.05,101.7,101.9,101.25,1987,201043.9,09-APR-2013,60,INE410B01029,
VIPIND,EQ,61.15,62.5,59.85,60.05,60.0,61.7,200894,12207766.75,09-APR-2013,2362,INE054A01027,
VIPUL,EQ,7.0,7.2,6.9,7.0,7.0,7.35,1700,11790.35,09-APR-2013,7,INE946H01037,
VISAKAIND,EQ,101.0,102.9,101.0,101.5,101.9,101.8,594,60378.45,09-APR-2013,12,INE392A01013,
VISASTEEL,EQ,37.0,38.95,36.1,36.6,36.75,37.35,3100,117246.7,09-APR-2013,181,INE286H01012,
VISESHINFO,EQ,1.5,1.5,1.5,1.5,1.5,1.55,6361,9541.5,09-APR-2013,8,INE861A01058,
VISUINTL,EQ,1.05,1.05,1.0,1.05,1.05,1.0,3188,3197.0,09-APR-2013,8,INE965A01016,
VIVIMEDLAB,EQ,285.55,288.0,278.25,282.9,283.7,284.65,12999,3682673.45,09-APR-2013,241,INE526G01013,
VKSPL,BE,12.9,12.9,12.9,12.9,12.9,13.55,6924,89319.6,09-APR-2013,12,INE213M01024,
VLSFINANCE,EQ,10.2,10.45,9.35,10.25,10.45,10.2,8104,81978.45,09-APR-2013,53,INE709A01018,
VMART,EQ,163.55,164.3,163.55,164.05,164.05,165.15,545,89405.75,09-APR-2013,22,INE665J01013,
VOLTAMP,EQ,384.5,384.5,370.5,373.15,376.95,371.0,700,261163.95,09-APR-2013,103,INE540H01012,
VOLTAS,EQ,76.5,78.75,76.5,77.25,77.3,76.2,1724310,134307990.4,09-APR-2013,13007,INE226A01021,
VSTIND,EQ,1516.0,1544.0,1510.0,1519.45,1522.0,1515.75,509,774101.6,09-APR-2013,132,INE710A01016,
VSTTILLERS,EQ,356.0,356.0,341.75,344.25,342.5,352.6,4995,1736078.45,09-APR-2013,186,INE764D01017,
VTL,EQ,275.0,275.95,274.7,275.0,275.0,275.4,4823,1326190.55,09-APR-2013,138,INE825A01012,
WABAG,EQ,518.95,518.95,505.1,506.15,506.5,508.05,95176,48281001.4,09-APR-2013,522,INE956G01038,
WABCOINDIA,EQ,1355.15,1365.0,1350.0,1359.2,1360.0,1369.35,471,637945.0,09-APR-2013,98,INE342J01019,
WALCHANNAG,EQ,59.65,60.65,57.25,57.5,57.4,59.4,37427,2215950.95,09-APR-2013,992,INE711A01022,
WANBURY,EQ,22.5,24.0,21.7,21.75,21.7,23.1,9994,225181.15,09-APR-2013,90,INE107F01022,
WELCORP,EQ,56.25,58.0,54.85,55.4,55.1,56.0,994918,56292507.85,09-APR-2013,8911,INE191B01025,
WELINV,EQ,18.3,20.9,18.05,18.55,20.9,18.55,35,644.65,09-APR-2013,6,INE389K01018,
WELPROJ,EQ,13.75,13.95,13.1,13.1,13.1,13.75,1658,22345.3,09-APR-2013,15,INE625G01013,
WELSPUNIND,EQ,62.2,72.0,62.0,63.25,63.9,62.5,11045,715840.65,09-APR-2013,705,INE192B01023,
WENDT,EQ,1140.0,1175.0,1127.85,1159.55,1150.0,1147.05,165,189710.35,09-APR-2013,38,INE274C01019,
WHEELS,EQ,698.3,725.0,682.25,692.25,687.05,692.1,19781,13984867.8,09-APR-2013,1853,INE715A01015,
WHIRLPOOL,EQ,204.8,204.8,196.8,201.0,204.0,204.25,27570,5566568.8,09-APR-2013,870,INE716A01013,
WILLAMAGOR,EQ,38.3,39.4,37.25,37.95,38.0,39.05,1207,45857.7,09-APR-2013,105,INE210A01017,
WINDMACHIN,EQ,10.05,10.3,10.05,10.15,10.15,10.05,1178,11978.25,09-APR-2013,7,INE052A01021,
WINSOME,EQ,20.0,22.75,19.15,20.2,20.95,19.05,87043,1787738.7,09-APR-2013,1095,INE784B01035,
WINSOMEDJ,EQ,24.65,24.9,22.75,23.3,23.5,24.2,20264,483607.45,09-APR-2013,200,INE664A01015,
WIPRO,EQ,407.0,418.0,390.25,393.7,393.6,448.8,7085821,2844202005.8,09-APR-2013,109583,INE075A01022,
WOCKPHARMA,EQ,2010.0,2049.95,2007.0,2018.75,2020.0,2000.85,144353,291827171.4,09-APR-2013,11022,INE049B01025,
WSTCSTPAPR,EQ,62.05,65.0,62.05,62.4,63.0,64.3,19570,1248439.75,09-APR-2013,163,INE976A01021,
WYETH,EQ,871.05,873.75,850.1,854.3,850.1,873.7,1670,1433506.65,09-APR-2013,167,INE378A01012,
XCHANGING,EQ,13.75,13.75,11.7,12.4,11.7,12.25,1771,22243.05,09-APR-2013,270,INE692G01013,
XLENERGY,EQ,2.9,2.9,2.75,2.85,2.9,2.85,9355,26537.25,09-APR-2013,23,INE183H01011,
XPROINDIA,EQ,30.0,30.15,29.35,29.95,29.65,29.4,904,27009.7,09-APR-2013,18,INE445C01015,
YESBANK,EQ,429.0,436.8,423.55,424.55,424.3,425.35,1810249,779060495.65,09-APR-2013,28915,INE528G01019,
ZANDUREALT,EQ,1172.55,1195.0,1150.0,1152.15,1151.15,1154.1,1877,2202288.35,09-APR-2013,560,INE719A01017,
ZEEL,EQ,201.65,206.6,201.65,204.25,204.6,200.7,2124231,433046072.55,09-APR-2013,27465,INE256A01028,
ZEELEARN,EQ,21.4,21.9,20.55,20.65,20.55,21.4,491600,10599309.9,09-APR-2013,571,INE565L01011,
ZEENEWS,EQ,15.0,15.0,14.5,14.6,14.55,14.6,739161,10816635.75,09-APR-2013,529,INE966H01019,
ZENITHBIR,BE,0.95,1.0,0.9,1.0,1.0,0.95,11609,10784.1,09-APR-2013,14,INE318D01020,
ZENITHINFO,EQ,15.4,16.0,14.5,15.05,15.0,15.2,14920,230879.5,09-APR-2013,127,INE899A01017,
ZENSARTECH,EQ,247.0,247.5,245.0,245.5,246.0,245.05,4102,1007504.1,09-APR-2013,176,INE520A01019,
ZICOM,EQ,82.4,87.9,82.3,83.4,83.1,83.1,9464,796697.3,09-APR-2013,301,INE871B01014,
ZODIACLOTH,EQ,190.2,195.0,190.0,190.3,190.1,190.75,170,32381.8,09-APR-2013,17,INE206B01013,
ZUARI,EQ,177.0,181.4,172.25,177.2,173.0,178.3,2615,463103.5,09-APR-2013,1111,INE840M01016,
ZUARIGLOB,EQ,71.7,73.05,70.5,71.85,72.55,71.55,15078,1075882.25,09-APR-2013,385,INE217A01012,
ZYDUSWELL,EQ,448.0,450.0,429.0,430.1,431.0,442.55,3749,1638799.1,09-APR-2013,354,INE768C01010,
ZYLOG,EQ,52.4,53.2,51.1,51.5,51.65,52.4,36825,1926996.0,09-APR-2013,567,INE225I01026,
